日期           O/N                                 1W                                  2W                                  1M                                  3M                                  6M                                  9M                                  1Y                                  
===========================================================================================================================================
               5日均值     10日均值    20日均值    5日均值     10日均值    20日均值    5日均值     10日均值    20日均值    5日均值     10日均值    20日均值    5日均值     10日均值    20日均值    5日均值     10日均值    20日均值    5日均值     10日均值    20日均值    5日均值     10日均值    20日均值    
2021-01-04     0.7866      0.8462      1.0882      2.2158      2.1179      2.0922      2.7360      2.7955      2.4091      2.6900      2.6994      2.7069      2.7550      2.7718      2.8826      2.8358      2.8477      2.9650      2.9410      2.9596      3.0580      3.0006      3.0167      3.1085      
2021-01-05     0.7978      0.7702      1.0563      2.1536      2.0951      2.0773      2.5342      2.6949      2.4003      2.6650      2.6854      2.7007      2.7496      2.7634      2.8655      2.8314      2.8406      2.9481      2.9340      2.9501      3.0433      2.9958      3.0105      3.0949      
2021-01-06     0.7962      0.7303      1.0220      2.0940      2.0856      2.0706      2.3308      2.5797      2.3871      2.6304      2.6669      2.6921      2.7396      2.7545      2.8472      2.8224      2.8330      2.9299      2.9226      2.9398      3.0275      2.9880      3.0027      3.0801      
2021-01-07     0.8516      0.7601      1.0148      2.0034      2.0647      2.0596      2.0864      2.4693      2.3721      2.5882      2.6452      2.6809      2.7240      2.7435      2.8286      2.8088      2.8245      2.9107      2.9060      2.9287      3.0103      2.9752      2.9930      3.0641      
2021-01-08     0.8260      0.7957      1.0141      1.9554      2.1014      2.0635      1.8400      2.3688      2.3631      2.5414      2.6217      2.6687      2.7018      2.7304      2.8096      2.7888      2.8134      2.8905      2.8856      2.9162      2.9922      2.9572      2.9811      3.0472      
2021-01-11     0.8894      0.8380      1.0034      1.9864      2.1011      2.0620      1.8000      2.2680      2.3552      2.5024      2.5962      2.6555      2.6762      2.7156      2.7897      2.7660      2.8009      2.8697      2.8632      2.9021      2.9731      2.9364      2.9685      3.0297      
2021-01-12     1.0102      0.9040      0.9849      2.0190      2.0863      2.0541      1.8134      2.1738      2.3491      2.4734      2.5692      2.6410      2.6492      2.6994      2.7697      2.7434      2.7874      2.8499      2.8410      2.8875      2.9539      2.9154      2.9556      3.0122      
2021-01-13     1.1672      0.9817      0.9848      2.0256      2.0598      2.0510      1.8460      2.0884      2.3467      2.4500      2.5402      2.6253      2.6258      2.6827      2.7500      2.7244      2.7734      2.8312      2.8230      2.8728      2.9360      2.8972      2.9426      2.9957      
2021-01-14     1.3180      1.0848      1.0199      2.0572      2.0303      2.0609      1.8850      1.9857      2.3485      2.4326      2.5104      2.6094      2.6068      2.6654      2.7315      2.7100      2.7594      2.8148      2.8098      2.8579      2.9203      2.8828      2.9290      2.9815      
2021-01-15     1.4726      1.1493      1.0390      2.0538      2.0046      2.0690      1.9244      1.8822      2.3512      2.4170      2.4792      2.5930      2.5940      2.6479      2.7153      2.7012      2.7450      2.8010      2.8014      2.8435      2.9068      2.8726      2.9149      2.9695      
2021-01-18     1.6544      1.2719      1.0591      2.0596      2.0230      2.0705      1.9884      1.8942      2.3449      2.4052      2.4538      2.5766      2.5860      2.6311      2.7015      2.6962      2.7311      2.7894      2.7972      2.8302      2.8949      2.8662      2.9013      2.9590      
2021-01-19     1.8350      1.4226      1.0964      2.1160      2.0675      2.0813      2.0534      1.9334      2.3142      2.3980      2.4357      2.5606      2.5808      2.6150      2.6892      2.6926      2.7180      2.7793      2.7938      2.8174      2.8838      2.8618      2.8886      2.9496      
2021-01-20     2.0462      1.6067      1.1685      2.2148      2.1202      2.1029      2.1870      2.0165      2.2981      2.4084      2.4292      2.5481      2.5778      2.6018      2.6782      2.6908      2.7076      2.7703      2.7918      2.8074      2.8736      2.8608      2.8790      2.9409      
2021-01-21     2.2258      1.7719      1.2660      2.2840      2.1706      2.1177      2.3298      2.1074      2.2884      2.4254      2.4290      2.5371      2.5770      2.5919      2.6677      2.6890      2.6995      2.7620      2.7902      2.8000      2.8644      2.8630      2.8729      2.9330      
2021-01-22     2.3654      1.9190      1.3574      2.3134      2.1836      2.1425      2.4520      2.1882      2.2785      2.4480      2.4325      2.5271      2.5764      2.5852      2.6578      2.6878      2.6945      2.7540      2.7890      2.7952      2.8557      2.8678      2.8702      2.9257      
2021-01-25     2.4304      2.0424      1.4402      2.3372      2.1984      2.1498      2.5600      2.2742      2.2711      2.4728      2.4390      2.5176      2.5766      2.5813      2.6485      2.6880      2.6921      2.7465      2.7886      2.7929      2.8475      2.8748      2.8705      2.9195      
2021-01-26     2.5284      2.1817      1.5429      2.4294      2.2727      2.1795      2.6810      2.3672      2.2705      2.5030      2.4505      2.5099      2.5798      2.5803      2.6399      2.6908      2.6917      2.7396      2.7920      2.7929      2.8402      2.8844      2.8731      2.9144      
2021-01-27     2.6310      2.3386      1.6602      2.5246      2.3697      2.2148      2.7700      2.4785      2.2835      2.5366      2.4725      2.5064      2.5886      2.5832      2.6330      2.6946      2.6927      2.7331      2.7996      2.7957      2.8343      2.8984      2.8796      2.9111      
2021-01-28     2.7212      2.4735      1.7792      2.6490      2.4665      2.2484      2.9508      2.6403      2.3130      2.5804      2.5029      2.5067      2.6140      2.5955      2.6305      2.7082      2.6986      2.7290      2.8136      2.8019      2.8299      2.9158      2.8894      2.9092      
2021-01-29     2.8904      2.6279      1.8886      2.8090      2.5612      2.2829      3.1902      2.8211      2.3517      2.6462      2.5471      2.5132      2.6514      2.6139      2.6309      2.7298      2.7088      2.7269      2.8350      2.8120      2.8278      2.9370      2.9024      2.9087      
2021-02-01     2.9594      2.6949      1.9834      2.9886      2.6629      2.3430      3.3106      2.9353      2.4148      2.7138      2.5933      2.5236      2.6902      2.6334      2.6323      2.7520      2.7200      2.7256      2.8572      2.8229      2.8266      2.9582      2.9165      2.9089      
2021-02-02     2.8768      2.7026      2.0626      2.8912      2.6603      2.3639      3.2830      2.9820      2.4577      2.7658      2.6344      2.5351      2.7274      2.6536      2.6343      2.7732      2.7320      2.7250      2.8788      2.8354      2.8264      2.9776      2.9310      2.9098      
2021-02-03     2.6546      2.6428      2.1248      2.7266      2.6256      2.3729      3.1872      2.9786      2.4976      2.7938      2.6652      2.5472      2.7588      2.6737      2.6378      2.7932      2.7439      2.7258      2.8966      2.8481      2.8278      2.9908      2.9446      2.9118      
2021-02-04     2.4648      2.5930      2.1825      2.5952      2.6221      2.3964      3.0050      2.9779      2.5427      2.8026      2.6915      2.5603      2.7730      2.6935      2.6427      2.8034      2.7558      2.7277      2.9088      2.8612      2.8306      2.9988      2.9573      2.9151      
2021-02-05     2.1902      2.5403      2.2297      2.4486      2.6288      2.4062      2.8208      3.0055      2.5969      2.7868      2.7165      2.5745      2.7758      2.7136      2.6494      2.8056      2.7677      2.7311      2.9160      2.8755      2.8354      3.0024      2.9697      2.9200      
2021-02-07     1.9458      2.4526      2.2475      2.2796      2.6341      2.4163      2.7178      3.0142      2.6442      2.7672      2.7405      2.5898      2.7772      2.7337      2.6575      2.8068      2.7794      2.7358      2.9242      2.8907      2.8418      3.0054      2.9818      2.9262      
2021-02-09     1.8470      2.2508      2.2947      2.3554      2.5410      2.4554      2.7566      2.9719      2.7252      2.7542      2.7740      2.6233      2.7868      2.7728      2.6780      2.8200      2.8066      2.7497      2.9396      2.9181      2.8569      3.0160      3.0034      2.9415      
2021-02-10     1.8170      2.1409      2.3072      2.3340      2.4646      2.4656      2.7044      2.8547      2.7475      2.7546      2.7786      2.6408      2.7940      2.7835      2.6895      2.8310      2.8172      2.7579      2.9462      2.9275      2.8647      3.0232      3.0110      2.9502      
2021-02-18     1.9034      2.0468      2.3374      2.3090      2.3788      2.4700      2.5874      2.7041      2.7626      2.7546      2.7707      2.6589      2.8012      2.7885      2.7012      2.8428      2.8242      2.7665      2.9504      2.9332      2.8726      3.0294      3.0159      2.9592      
2021-02-19     1.9660      1.9559      2.3254      2.2494      2.2645      2.4637      2.5132      2.6155      2.7754      2.7532      2.7602      2.6768      2.8100      2.7936      2.7135      2.8564      2.8316      2.7758      2.9550      2.9396      2.8813      3.0372      3.0213      2.9689      
2021-02-20     1.8762      1.8703      2.2865      2.1740      2.2368      2.4486      2.4152      2.5712      2.7766      2.7506      2.7537      2.6941      2.8182      2.7993      2.7265      2.8676      2.8395      2.7858      2.9600      2.9461      2.8908      3.0450      3.0273      2.9792      
2021-02-22     1.8242      1.8356      2.2392      2.1302      2.2428      2.4342      2.3336      2.5451      2.7619      2.7468      2.7505      2.7079      2.8256      2.8062      2.7400      2.8766      2.8483      2.7961      2.9670      2.9533      2.9007      3.0534      3.0347      2.9897      
