日期           O/N                                 1W                                  2W                                  1M                                  3M                                  6M                                  9M                                  1Y                                  
===========================================================================================================================================
               5日均值     10日均值    20日均值    5日均值     10日均值    20日均值    5日均值     10日均值    20日均值    5日均值     10日均值    20日均值    5日均值     10日均值    20日均值    5日均值     10日均值    20日均值    5日均值     10日均值    20日均值    5日均值     10日均值    20日均值    
2016-01-04     1.9590      1.9274      1.8593      2.3496      2.3475      2.3236      2.9232      2.8712      2.7577      3.0037      2.9845      2.8547      3.0871      3.0785      3.0635      3.2000      3.2000      3.2000      3.2500      3.2500      3.2500      3.3500      3.3500      3.3500      
2016-01-05     1.9708      1.9429      1.8700      2.3448      2.3471      2.3255      2.9202      2.8873      2.7710      3.0026      2.9955      2.8697      3.0867      3.0816      3.0654      3.2000      3.2000      3.2000      3.2500      3.2500      3.2500      3.3500      3.3500      3.3500      
2016-01-06     1.9798      1.9534      1.8797      2.3388      2.3451      2.3270      2.9142      2.9004      2.7840      3.0016      3.0011      2.8847      3.0855      3.0837      3.0670      3.1988      3.1994      3.1997      3.2500      3.2500      3.2500      3.3494      3.3497      3.3499      
2016-01-07     1.9860      1.9597      1.8885      2.3310      2.3416      2.3280      2.9096      2.9075      2.7967      3.0007      3.0023      2.8997      3.0828      3.0838      3.0684      3.1970      3.1985      3.1993      3.2500      3.2500      3.2500      3.3486      3.3493      3.3497      
2016-01-08     1.9794      1.9631      1.8970      2.3216      2.3376      2.3285      2.8936      2.9079      2.8080      3.0001      3.0022      2.9146      3.0791      3.0828      3.0694      3.1941      3.1971      3.1985      3.2498      3.2499      3.2500      3.3476      3.3488      3.3494      
2016-01-11     1.9706      1.9648      1.9051      2.3152      2.3324      2.3286      2.8762      2.8997      2.8168      2.9995      3.0016      2.9295      3.0736      3.0804      3.0698      3.1898      3.1949      3.1974      3.2494      3.2497      3.2499      3.3464      3.3482      3.3491      
2016-01-12     1.9612      1.9660      1.9133      2.3092      2.3270      2.3284      2.8554      2.8878      2.8247      2.9989      3.0008      2.9444      3.0670      3.0769      3.0701      3.1842      3.1921      3.1960      3.2486      3.2493      3.2497      3.3444      3.3472      3.3486      
2016-01-13     1.9552      1.9675      1.9214      2.3048      2.3218      2.3285      2.8300      2.8721      2.8313      2.9923      2.9970      2.9567      3.0588      3.0722      3.0696      3.1780      3.1884      3.1942      3.2466      3.2483      3.2492      3.3419      3.3457      3.3478      
2016-01-14     1.9520      1.9690      1.9294      2.3022      2.3166      2.3284      2.8022      2.8559      2.8372      2.9786      2.9897      2.9661      3.0493      3.0660      3.0686      3.1702      3.1836      3.1918      3.2430      3.2465      3.2483      3.3363      3.3425      3.3462      
2016-01-15     1.9516      1.9655      1.9375      2.3012      2.3114      2.3286      2.7764      2.8350      2.8422      2.9586      2.9794      2.9730      3.0375      3.0583      3.0666      3.1603      3.1772      3.1886      3.2354      3.2426      3.2463      3.3263      3.3370      3.3435      
2016-01-18     1.9522      1.9614      1.9444      2.3022      2.3087      2.3281      2.7590      2.8176      2.8444      2.9362      2.9679      2.9762      3.0228      3.0482      3.0634      3.1482      3.1690      3.1845      3.2234      3.2364      3.2432      3.3116      3.3290      3.3395      
2016-01-19     1.9538      1.9575      1.9502      2.3054      2.3073      2.3272      2.7446      2.8000      2.8437      2.9128      2.9559      2.9757      3.0074      3.0372      3.0594      3.1348      3.1595      3.1797      3.2090      3.2288      3.2394      3.2936      3.3190      3.3345      
2016-01-20     1.9604      1.9578      1.9556      2.3136      2.3092      2.3272      2.7358      2.7829      2.8417      2.8942      2.9433      2.9722      2.9933      3.0261      3.0549      3.1230      3.1505      3.1749      3.1954      3.2210      3.2355      3.2773      3.3096      3.3297      
2016-01-21     1.9732      1.9626      1.9612      2.3346      2.3184      2.3300      2.7470      2.7746      2.8411      2.8916      2.9351      2.9687      2.9851      3.0172      3.0505      3.1132      3.1417      3.1701      3.1838      3.2134      3.2317      3.2643      3.3003      3.3248      
2016-01-22     1.9876      1.9696      1.9664      2.3540      2.3276      2.3326      2.7666      2.7715      2.8397      2.9098      2.9342      2.9682      2.9897      3.0136      3.0482      3.1086      3.1344      3.1657      3.1772      3.2063      3.2281      3.2565      3.2914      3.3201      
2016-01-25     1.9986      1.9754      1.9701      2.3676      2.3349      2.3337      2.7892      2.7741      2.8369      2.9364      2.9363      2.9690      3.0010      3.0119      3.0461      3.1086      3.1284      3.1616      3.1756      3.1995      3.2246      3.2542      3.2829      3.3156      
2016-01-26     2.0062      1.9800      1.9730      2.3770      2.3412      2.3341      2.8240      2.7843      2.8361      2.9716      2.9422      2.9715      3.0204      3.0139      3.0454      3.1123      3.1236      3.1578      3.1776      3.1933      3.2213      3.2578      3.2757      3.3115      
2016-01-27     2.0086      1.9845      1.9760      2.3806      2.3471      2.3345      2.8644      2.8001      2.8361      3.0152      2.9547      2.9758      3.0471      3.0202      3.0462      3.1157      3.1194      3.1539      3.1794      3.1874      3.2179      3.2602      3.2688      3.3072      
2016-01-28     2.0042      1.9887      1.9789      2.3720      2.3533      2.3350      2.8910      2.8190      2.8375      3.0584      2.9750      2.9823      3.0713      3.0282      3.0471      3.1192      3.1162      3.1499      3.1808      3.1823      3.2144      3.2626      3.2635      3.3030      
2016-01-29     1.9964      1.9920      1.9788      2.3580      2.3560      2.3337      2.9070      2.8368      2.8359      3.0940      3.0019      2.9906      3.0857      3.0377      3.0480      3.1211      3.1149      3.1460      3.1819      3.1795      3.2111      3.2644      3.2605      3.2987      
2016-02-01     1.9920      1.9953      1.9784      2.3716      2.3696      2.3392      2.9134      2.8513      2.8345      3.1156      3.0260      2.9969      3.0938      3.0474      3.0478      3.1213      3.1149      3.1420      3.1827      3.1791      3.2078      3.2656      3.2599      3.2945      
2016-02-02     1.9894      1.9978      1.9777      2.3900      2.3835      2.3454      2.9118      2.8679      2.8340      3.1244      3.0480      3.0019      3.0954      3.0579      3.0476      3.1205      3.1164      3.1379      3.1826      3.1801      3.2045      3.2650      3.2614      3.2902      
2016-02-03     1.9870      1.9978      1.9778      2.4088      2.3947      2.3520      2.9044      2.8844      2.8337      3.1250      3.0701      3.0067      3.0888      3.0680      3.0470      3.1189      3.1173      3.1339      3.1820      3.1807      3.2009      3.2644      3.2623      3.2860      
2016-02-04     1.9852      1.9947      1.9787      2.4274      2.3997      2.3591      2.8960      2.8935      2.8341      3.1160      3.0872      3.0112      3.0796      3.0755      3.0463      3.1166      3.1179      3.1298      3.1813      3.1810      3.1972      3.2620      3.2623      3.2813      
2016-02-05     1.9842      1.9903      1.9800      2.4510      2.4045      2.3661      2.8922      2.8996      2.8356      3.0982      3.0961      3.0152      3.0710      3.0784      3.0460      3.1137      3.1174      3.1259      3.1794      3.1807      3.1935      3.2590      3.2617      3.2766      
2016-02-06     2.0430      2.0175      1.9965      2.4328      2.4022      2.3686      2.8878      2.9006      2.8374      3.0816      3.0986      3.0175      3.0662      3.0800      3.0460      3.1114      3.1163      3.1224      3.1764      3.1796      3.1895      3.2562      3.2609      3.2719      
2016-02-14     2.0418      2.0156      1.9978      2.4044      2.3972      2.3692      2.8234      2.8676      2.8260      3.0612      3.0928      3.0175      3.0599      3.0777      3.0458      3.1088      3.1146      3.1191      3.1729      3.1778      3.1856      3.2534      3.2592      3.2675      
2016-02-15     2.0406      2.0138      1.9992      2.3738      2.3913      2.3692      2.7526      2.8285      2.8143      3.0380      3.0815      3.0181      3.0539      3.0714      3.0458      3.1070      3.1129      3.1161      3.1699      3.1760      3.1817      3.2510      3.2577      3.2632      
2016-02-16     2.0388      2.0120      2.0004      2.3422      2.3848      2.3691      2.6758      2.7859      2.8025      3.0116      3.0638      3.0194      3.0475      3.0636      3.0459      3.1052      3.1109      3.1135      3.1661      3.1737      3.1780      3.2504      3.2562      3.2598      
2016-02-17     2.0356      2.0099      2.0010      2.3120      2.3815      2.3688      2.6004      2.7463      2.7916      2.9834      3.0408      3.0214      3.0383      3.0547      3.0462      3.1036      3.1086      3.1117      3.1625      3.1710      3.1753      3.2504      3.2547      3.2576      
2016-02-18     1.9696      2.0063      2.0008      2.2984      2.3656      2.3676      2.5310      2.7094      2.7804      2.9514      3.0165      3.0213      3.0275      3.0469      3.0471      3.1021      3.1068      3.1108      3.1597      3.1681      3.1736      3.2502      3.2532      3.2566      
2016-02-19     1.9616      2.0017      1.9998      2.2930      2.3487      2.3661      2.5118      2.6676      2.7678      2.9194      2.9903      3.0192      3.0110      3.0355      3.0467      3.0956      3.1022      3.1093      3.1542      3.1636      3.1719      3.2468      3.2501      3.2558      
2016-02-22     1.9530      1.9968      1.9973      2.2902      2.3320      2.3634      2.4958      2.6242      2.7543      2.8838      2.9609      3.0155      2.9922      3.0231      3.0455      3.0860      3.0965      3.1069      3.1462      3.1581      3.1694      3.2406      3.2458      3.2541      
2016-02-23     1.9448      1.9918      1.9933      2.2874      2.3148      2.3573      2.4848      2.5803      2.7369      2.8474      2.9295      3.0084      2.9718      3.0097      3.0426      3.0740      3.0896      3.1038      3.1366      3.1514      3.1662      3.2326      3.2415      3.2519      
2016-02-24     1.9424      1.9890      1.9897      2.2870      2.2995      2.3520      2.4768      2.5386      2.7191      2.8116      2.8975      2.9968      2.9492      2.9938      3.0361      3.0591      3.0814      3.0994      3.1260      3.1443      3.1625      3.2234      3.2369      3.2493      
2016-02-25     1.9530      1.9613      1.9894      2.2942      2.2963      2.3493      2.4790      2.5050      2.7028      2.7862      2.8688      2.9837      2.9282      2.9779      3.0289      3.0442      3.0731      3.0947      3.1144      3.1371      3.1583      3.2128      3.2315      3.2462      
2016-02-26     1.9750      1.9683      1.9920      2.3060      2.2995      2.3484      2.5086      2.5102      2.6889      2.7754      2.8474      2.9701      2.9146      2.9628      3.0202      3.0354      3.0655      3.0901      3.1060      3.1301      3.1539      3.2044      3.2256      3.2424      
2016-02-29     1.9896      1.9713      1.9926      2.3158      2.3030      2.3472      2.5522      2.5240      2.6763      2.7752      2.8295      2.9555      2.9050      2.9486      3.0100      3.0286      3.0573      3.0851      3.0992      3.1227      3.1493      3.1978      3.2192      3.2385      
2016-03-01     1.9966      1.9707      1.9914      2.3208      2.3041      2.3445      2.5984      2.5416      2.6638      2.7792      2.8133      2.9386      2.8963      2.9341      2.9988      3.0225      3.0483      3.0796      3.0928      3.1147      3.1442      3.1905      3.2116      3.2339      
2016-03-02     1.9978      1.9701      1.9900      2.3218      2.3044      2.3430      2.6340      2.5554      2.6509      2.7750      2.7933      2.9171      2.8875      2.9184      2.9865      3.0166      3.0379      3.0733      3.0858      3.1059      3.1384      3.1787      3.2011      3.2279      
2016-03-03     1.9884      1.9707      1.9885      2.3170      2.3056      2.3356      2.6532      2.5661      2.6378      2.7668      2.7765      2.8965      2.8757      2.9020      2.9744      3.0102      3.0272      3.0670      3.0778      3.0961      3.1321      3.1661      3.1895      3.2213      
2016-03-04     1.9688      1.9719      1.9868      2.3070      2.3065      2.3276      2.6472      2.5779      2.6228      2.7504      2.7629      2.8766      2.8623      2.8885      2.9620      3.0020      3.0187      3.0604      3.0686      3.0873      3.1254      3.1527      3.1786      3.2143      
2016-03-07     1.9576      1.9736      1.9852      2.2988      2.3073      2.3197      2.6278      2.5900      2.6071      2.7296      2.7524      2.8567      2.8471      2.8761      2.9496      2.9936      3.0111      3.0538      3.0596      3.0794      3.1187      3.1397      3.1688      3.2073      
2016-03-08     1.9540      1.9753      1.9836      2.2958      2.3083      2.3116      2.6036      2.6010      2.5907      2.7084      2.7438      2.8367      2.8332      2.8648      2.9372      2.9868      3.0047      3.0471      3.0506      3.0717      3.1115      3.1274      3.1590      3.2002      
2016-03-09     1.9516      1.9747      1.9819      2.2942      2.3080      2.3038      2.5860      2.6100      2.5743      2.6974      2.7362      2.8169      2.8232      2.8554      2.9246      2.9820      2.9993      3.0403      3.0422      3.0640      3.1041      3.1196      3.1492      3.1930      
2016-03-10     1.9496      1.9690      1.9652      2.2908      2.3039      2.3001      2.5770      2.6151      2.5601      2.6898      2.7283      2.7986      2.8160      2.8459      2.9119      2.9752      2.9927      3.0329      3.0348      3.0563      3.0967      3.1130      3.1396      3.1855      
2016-03-11     1.9486      1.9587      1.9635      2.2882      2.2976      2.2986      2.5708      2.6090      2.5596      2.6824      2.7164      2.7819      2.8094      2.8359      2.8993      2.9672      2.9846      3.0250      3.0278      3.0482      3.0892      3.1071      3.1299      3.1778      
2016-03-14     1.9482      1.9529      1.9621      2.2856      2.2922      2.2976      2.5658      2.5968      2.5604      2.6750      2.7023      2.7659      2.8034      2.8253      2.8869      2.9592      2.9764      3.0168      3.0218      3.0407      3.0817      3.1015      3.1206      3.1699      
2016-03-15     1.9488      1.9514      1.9611      2.2832      2.2895      2.2968      2.5626      2.5831      2.5624      2.6690      2.6887      2.7510      2.7992      2.8162      2.8751      2.9512      2.9690      3.0086      3.0174      3.0340      3.0744      3.0973      3.1124      3.1620      
2016-03-16     1.9500      1.9508      1.9605      2.2812      2.2877      2.2961      2.5590      2.5725      2.5640      2.6641      2.6808      2.7370      2.7964      2.8098      2.8641      2.9428      2.9624      3.0002      3.0144      3.0283      3.0671      3.0941      3.1069      3.1540      
2016-03-17     1.9546      1.9521      1.9614      2.2828      2.2868      2.2962      2.5556      2.5663      2.5662      2.6609      2.6754      2.7259      2.7938      2.8049      2.8534      2.9342      2.9547      2.9910      3.0110      3.0229      3.0595      3.0895      3.1013      3.1454      
2016-03-18     1.9636      1.9561      1.9640      2.2854      2.2868      2.2967      2.5540      2.5624      2.5702      2.6601      2.6713      2.7171      2.7926      2.8010      2.8447      2.9248      2.9460      2.9824      3.0068      3.0173      3.0523      3.0841      3.0956      3.1371      
2016-03-21     1.9734      1.9608      1.9672      2.2896      2.2876      2.2975      2.5640      2.5649      2.5775      2.6667      2.6709      2.7116      2.7930      2.7982      2.8371      2.9152      2.9372      2.9742      3.0024      3.0121      3.0458      3.0782      3.0899      3.1293      
2016-03-22     1.9842      1.9665      1.9709      2.2944      2.2888      2.2986      2.5756      2.5691      2.5851      2.6747      2.6719      2.7078      2.7938      2.7965      2.8306      2.9054      2.9283      2.9665      2.9972      3.0073      3.0395      3.0716      3.0845      3.1217      
2016-03-23     1.9930      1.9715      1.9731      2.2982      2.2897      2.2989      2.5902      2.5746      2.5923      2.6835      2.6738      2.7050      2.7948      2.7956      2.8255      2.8962      2.9195      2.9594      2.9910      3.0027      3.0334      3.0647      3.0794      3.1143      
2016-03-24     1.9980      1.9763      1.9727      2.3000      2.2914      2.2977      2.6054      2.5805      2.5978      2.6919      2.6764      2.7024      2.7964      2.7951      2.8205      2.8888      2.9115      2.9521      2.9860      2.9985      3.0274      3.0601      3.0748      3.1072      
2016-03-25     1.9978      1.9807      1.9697      2.3010      2.2932      2.2954      2.6218      2.5879      2.5985      2.6999      2.6800      2.6982      2.7972      2.7949      2.8154      2.8824      2.9036      2.9441      2.9819      2.9944      3.0213      3.0574      3.0708      3.1003      
2016-03-28     1.9966      1.9850      1.9690      2.3008      2.2952      2.2937      2.6320      2.5980      2.5974      2.7027      2.6847      2.6935      2.7976      2.7953      2.8103      2.8776      2.8964      2.9364      2.9777      2.9901      3.0154      3.0557      3.0670      3.0938      
2016-03-29     1.9944      1.9893      1.9704      2.3004      2.2974      2.2935      2.6444      2.6100      2.5966      2.7087      2.6917      2.6902      2.7982      2.7960      2.8061      2.8734      2.8894      2.9292      2.9747      2.9860      3.0100      3.0549      3.0633      3.0878      
2016-03-30     1.9952      1.9941      1.9725      2.3026      2.3004      2.2941      2.6654      2.6278      2.6002      2.7215      2.7025      2.6916      2.8009      2.7979      2.8038      2.8704      2.8833      2.9229      2.9727      2.9819      3.0051      3.0542      3.0595      3.0832      
2016-03-31     1.9996      1.9988      1.9755      2.3082      2.3041      2.2955      2.6976      2.6515      2.6089      2.7421      2.7170      2.6962      2.8061      2.8013      2.8031      2.8686      2.8787      2.9167      2.9711      2.9786      3.0007      3.0534      3.0568      3.0790      
2016-04-01     2.0046      2.0012      1.9787      2.3122      2.3066      2.2967      2.7348      2.6783      2.6204      2.7649      2.7324      2.7018      2.8144      2.8058      2.8034      2.8690      2.8757      2.9109      2.9700      2.9760      2.9966      3.0526      3.0550      3.0753      
2016-04-05     2.0048      2.0007      1.9808      2.3124      2.3066      2.2971      2.7658      2.6989      2.6319      2.7879      2.7453      2.7081      2.8242      2.8109      2.8046      2.8710      2.8743      2.9058      2.9695      2.9736      2.9928      3.0516      3.0537      3.0718      
2016-04-06     2.0022      1.9983      1.9824      2.3106      2.3055      2.2972      2.7828      2.7136      2.6414      2.8035      2.7561      2.7140      2.8332      2.8157      2.8061      2.8739      2.8737      2.9010      2.9691      2.9719      2.9896      3.0506      3.0528      3.0686      
2016-04-07     1.9971      1.9961      1.9838      2.3060      2.3043      2.2970      2.7858      2.7256      2.6501      2.8102      2.7659      2.7198      2.8403      2.8206      2.8081      2.8766      2.8735      2.8965      2.9687      2.9707      2.9867      3.0498      3.0520      3.0657      
2016-04-08     1.9897      1.9946      1.9855      2.2984      2.3033      2.2974      2.7764      2.7370      2.6588      2.8084      2.7753      2.7258      2.8444      2.8253      2.8102      2.8792      2.8739      2.8927      2.9679      2.9695      2.9840      3.0490      3.0512      3.0630      
2016-04-11     1.9839      1.9942      1.9875      2.2926      2.3024      2.2978      2.7598      2.7473      2.6676      2.8046      2.7848      2.7324      2.8464      2.8304      2.8127      2.8818      2.8754      2.8895      2.9671      2.9685      2.9814      3.0472      3.0499      3.0603      
2016-04-12     1.9839      1.9943      1.9897      2.2912      2.3018      2.2985      2.7448      2.7553      2.6767      2.7998      2.7939      2.7393      2.8466      2.8354      2.8154      2.8837      2.8773      2.8869      2.9664      2.9679      2.9790      3.0458      3.0487      3.0578      
2016-04-13     1.9865      1.9943      1.9918      2.2928      2.3017      2.2996      2.7400      2.7614      2.6857      2.7982      2.8009      2.7463      2.8473      2.8402      2.8181      2.8857      2.8798      2.8846      2.9660      2.9675      2.9767      3.0444      3.0475      3.0554      
2016-04-14     1.9906      1.9938      1.9940      2.2958      2.3009      2.3007      2.7392      2.7625      2.6952      2.7980      2.8041      2.7533      2.8476      2.8440      2.8209      2.8877      2.8822      2.8827      2.9658      2.9672      2.9745      3.0432      3.0465      3.0530      
2016-04-15     1.9936      1.9916      1.9952      2.2986      2.2985      2.3013      2.7396      2.7580      2.7048      2.7982      2.8033      2.7602      2.8481      2.8463      2.8238      2.8900      2.8846      2.8816      2.9660      2.9669      2.9727      3.0426      3.0458      3.0513      
2016-04-18     1.9962      1.9900      1.9956      2.3008      2.2967      2.3017      2.7404      2.7501      2.7142      2.7986      2.8016      2.7670      2.8480      2.8472      2.8265      2.8916      2.8867      2.8812      2.9664      2.9667      2.9713      3.0426      3.0449      3.0500      
2016-04-19     1.9984      1.9911      1.9959      2.3028      2.2970      2.3018      2.7416      2.7432      2.7211      2.7992      2.7995      2.7724      2.8486      2.8476      2.8293      2.8929      2.8883      2.8813      2.9669      2.9667      2.9701      3.0426      3.0442      3.0489      
2016-04-20     2.0028      1.9946      1.9965      2.3068      2.2998      2.3027      2.7440      2.7420      2.7278      2.8000      2.7991      2.7776      2.8491      2.8482      2.8320      2.8936      2.8896      2.8816      2.9671      2.9666      2.9692      3.0426      3.0435      3.0481      
2016-04-21     2.0088      1.9997      1.9979      2.3124      2.3041      2.3042      2.7472      2.7432      2.7344      2.8013      2.7997      2.7828      2.8516      2.8496      2.8351      2.8943      2.8910      2.8823      2.9671      2.9665      2.9686      3.0426      3.0429      3.0475      
2016-04-22     2.0174      2.0055      2.0001      2.3190      2.3088      2.3061      2.7526      2.7461      2.7416      2.8038      2.8010      2.7881      2.8556      2.8519      2.8386      2.8960      2.8930      2.8834      2.9672      2.9666      2.9681      3.0422      3.0424      3.0468      
2016-04-25     2.0268      2.0115      2.0029      2.3270      2.3139      2.3082      2.7616      2.7510      2.7492      2.8086      2.8036      2.7942      2.8607      2.8544      2.8424      2.8982      2.8949      2.8851      2.9672      2.9668      2.9677      3.0422      3.0424      3.0462      
2016-04-26     2.0332      2.0158      2.0051      2.3342      2.3185      2.3102      2.7720      2.7568      2.7561      2.8144      2.8068      2.8003      2.8662      2.8574      2.8464      2.9008      2.8968      2.8871      2.9679      2.9674      2.9677      3.0420      3.0423      3.0455      
2016-04-27     2.0344      2.0186      2.0065      2.3390      2.3229      2.3123      2.7820      2.7630      2.7622      2.8204      2.8102      2.8055      2.8726      2.8609      2.8506      2.9044      2.8990      2.8894      2.9687      2.9679      2.9677      3.0420      3.0423      3.0449      
2016-04-28     2.0328      2.0208      2.0073      2.3462      2.3293      2.3151      2.7930      2.7701      2.7663      2.8276      2.8145      2.8093      2.8789      2.8653      2.8546      2.9084      2.9014      2.8918      2.9696      2.9683      2.9678      3.0420      3.0423      3.0444      
2016-04-29     2.0350      2.0262      2.0089      2.3566      2.3378      2.3182      2.8036      2.7781      2.7681      2.8359      2.8199      2.8116      2.8869      2.8713      2.8588      2.9133      2.9047      2.8946      2.9710      2.9691      2.9680      3.0420      3.0421      3.0440      
2016-05-03     2.0267      2.0267      2.0084      2.3562      2.3416      2.3192      2.8064      2.7840      2.7671      2.8411      2.8248      2.8132      2.8931      2.8769      2.8621      2.9185      2.9084      2.8975      2.9730      2.9701      2.9684      3.0420      3.0421      3.0435      
2016-05-04     2.0195      2.0263      2.0087      2.3536      2.3439      2.3205      2.8068      2.7894      2.7663      2.8443      2.8293      2.8144      2.8974      2.8818      2.8647      2.9237      2.9123      2.9003      2.9742      2.9711      2.9689      3.0420      3.0420      3.0431      
2016-05-05     2.0149      2.0246      2.0096      2.3502      2.3446      2.3222      2.8054      2.7937      2.7679      2.8469      2.8336      2.8164      2.9000      2.8863      2.8673      2.9282      2.9163      2.9030      2.9754      2.9721      2.9693      3.0420      3.0420      3.0428      
2016-05-06     2.0107      2.0217      2.0107      2.3418      2.3440      2.3241      2.8018      2.7974      2.7703      2.8470      2.8373      2.8185      2.9003      2.8896      2.8696      2.9316      2.9200      2.9055      2.9765      2.9731      2.9698      3.0420      3.0420      3.0425      
2016-05-09     2.0007      2.0178      2.0117      2.3292      2.3429      2.3259      2.7952      2.7994      2.7728      2.8446      2.8402      2.8206      2.8971      2.8920      2.8719      2.9327      2.9230      2.9080      2.9769      2.9740      2.9703      3.0420      3.0420      3.0422      
2016-05-10     1.9998      2.0132      2.0124      2.3258      2.3410      2.3275      2.7934      2.7999      2.7755      2.8430      2.8420      2.8228      2.8946      2.8938      2.8741      2.9336      2.9261      2.9105      2.9770      2.9750      2.9709      3.0420      3.0420      3.0422      
2016-05-11     1.9996      2.0095      2.0127      2.3250      2.3393      2.3289      2.7918      2.7993      2.7781      2.8416      2.8429      2.8249      2.8936      2.8955      2.8765      2.9347      2.9292      2.9130      2.9772      2.9757      2.9716      3.0422      3.0421      3.0422      
2016-05-12     1.9994      2.0071      2.0129      2.3242      2.3372      2.3301      2.7904      2.7979      2.7805      2.8394      2.8431      2.8267      2.8935      2.8967      2.8788      2.9362      2.9322      2.9156      2.9776      2.9765      2.9722      3.0426      3.0423      3.0423      
2016-05-13     1.9998      2.0052      2.0130      2.3238      2.3328      2.3311      2.7886      2.7952      2.7827      2.8378      2.8424      2.8284      2.8954      2.8978      2.8815      2.9385      2.9351      2.9182      2.9780      2.9773      2.9728      3.0432      3.0426      3.0425      
2016-05-16     2.0010      2.0008      2.0135      2.3246      2.3269      2.3324      2.7878      2.7915      2.7848      2.8364      2.8405      2.8302      2.8985      2.8978      2.8845      2.9423      2.9375      2.9211      2.9788      2.9779      2.9735      3.0442      3.0431      3.0426      
2016-05-17     2.0034      2.0016      2.0142      2.3262      2.3260      2.3338      2.7864      2.7899      2.7870      2.8352      2.8391      2.8320      2.9033      2.8989      2.8879      2.9465      2.9400      2.9242      2.9796      2.9783      2.9742      3.0456      3.0438      3.0430      
2016-05-18     2.0058      2.0027      2.0145      2.3278      2.3264      2.3352      2.7850      2.7884      2.7889      2.8354      2.8385      2.8339      2.9090      2.9013      2.8915      2.9515      2.9431      2.9277      2.9805      2.9788      2.9749      3.0470      3.0446      3.0433      
2016-05-19     2.0078      2.0036      2.0141      2.3290      2.3266      2.3356      2.7842      2.7873      2.7905      2.8358      2.8376      2.8356      2.9154      2.9044      2.8954      2.9562      2.9462      2.9313      2.9811      2.9794      2.9757      3.0482      3.0454      3.0437      
2016-05-20     2.0090      2.0044      2.0131      2.3304      2.3271      2.3356      2.7836      2.7861      2.7918      2.8368      2.8373      2.8373      2.9204      2.9079      2.8988      2.9615      2.9500      2.9350      2.9822      2.9801      2.9766      3.0492      3.0462      3.0441      
2016-05-23     2.0088      2.0049      2.0114      2.3310      2.3278      2.3354      2.7822      2.7850      2.7922      2.8380      2.8372      2.8387      2.9249      2.9117      2.9019      2.9664      2.9544      2.9387      2.9833      2.9811      2.9775      3.0498      3.0470      3.0445      
2016-05-24     2.0070      2.0052      2.0092      2.3308      2.3285      2.3348      2.7808      2.7836      2.7918      2.8394      2.8373      2.8397      2.9284      2.9158      2.9048      2.9715      2.9590      2.9425      2.9852      2.9824      2.9787      3.0500      3.0478      3.0449      
2016-05-25     2.0050      2.0054      2.0075      2.3306      2.3292      2.3343      2.7802      2.7826      2.7910      2.8400      2.8377      2.8403      2.9315      2.9203      2.9079      2.9752      2.9633      2.9463      2.9874      2.9839      2.9798      3.0500      3.0485      3.0453      
2016-05-26     2.0032      2.0055      2.0063      2.3308      2.3299      2.3336      2.7786      2.7814      2.7897      2.8416      2.8387      2.8409      2.9343      2.9248      2.9108      2.9783      2.9673      2.9497      2.9895      2.9853      2.9809      3.0500      3.0491      3.0457      
2016-05-27     2.0018      2.0054      2.0053      2.3312      2.3308      2.3318      2.7776      2.7806      2.7879      2.8430      2.8399      2.8411      2.9369      2.9287      2.9133      2.9804      2.9710      2.9530      2.9911      2.9866      2.9820      3.0500      3.0496      3.0461      
2016-05-30     2.0014      2.0051      2.0030      2.3320      2.3315      2.3292      2.7770      2.7796      2.7856      2.8442      2.8411      2.8408      2.9400      2.9325      2.9151      2.9816      2.9740      2.9558      2.9922      2.9877      2.9828      3.0500      3.0499      3.0465      
2016-05-31     2.0030      2.0050      2.0033      2.3336      2.3322      2.3291      2.7756      2.7782      2.7841      2.8450      2.8422      2.8407      2.9426      2.9355      2.9172      2.9819      2.9767      2.9584      2.9924      2.9888      2.9836      3.0500      3.0500      3.0469      
2016-06-01     2.0040      2.0045      2.0036      2.3348      2.3327      2.3296      2.7722      2.7762      2.7823      2.8450      2.8425      2.8405      2.9441      2.9378      2.9196      2.9820      2.9786      2.9608      2.9922      2.9898      2.9843      3.0500      3.0500      3.0473      
2016-06-02     2.0046      2.0039      2.0038      2.3368      2.3338      2.3302      2.7698      2.7742      2.7808      2.8436      2.8426      2.8401      2.9451      2.9397      2.9221      2.9822      2.9803      2.9632      2.9920      2.9908      2.9851      3.0500      3.0500      3.0477      
2016-06-03     2.0042      2.0030      2.0037      2.3378      2.3345      2.3308      2.7658      2.7717      2.7789      2.8414      2.8422      2.8398      2.9461      2.9415      2.9247      2.9825      2.9814      2.9657      2.9922      2.9916      2.9859      3.0500      3.0500      3.0481      
2016-06-06     2.0034      2.0024      2.0037      2.3384      2.3352      2.3315      2.7620      2.7695      2.7773      2.8400      2.8421      2.8397      2.9462      2.9431      2.9274      2.9827      2.9822      2.9683      2.9922      2.9922      2.9866      3.0500      3.0500      3.0485      
2016-06-07     2.0014      2.0022      2.0037      2.3388      2.3362      2.3324      2.7586      2.7671      2.7754      2.8384      2.8417      2.8395      2.9462      2.9444      2.9301      2.9829      2.9824      2.9707      2.9925      2.9925      2.9874      3.0500      3.0500      3.0489      
2016-06-08     2.0002      2.0021      2.0038      2.3396      2.3372      2.3332      2.7566      2.7644      2.7735      2.8376      2.8413      2.8395      2.9462      2.9452      2.9327      2.9829      2.9824      2.9729      2.9927      2.9925      2.9882      3.0500      3.0500      3.0493      
2016-06-12     1.9994      2.0020      2.0038      2.3398      2.3383      2.3341      2.7522      2.7610      2.7712      2.8384      2.8410      2.8399      2.9462      2.9457      2.9352      2.9828      2.9825      2.9749      2.9929      2.9925      2.9889      3.0500      3.0500      3.0496      
2016-06-13     1.9996      2.0019      2.0037      2.3406      2.3392      2.3350      2.7482      2.7570      2.7688      2.8402      2.8408      2.8404      2.9463      2.9462      2.9374      2.9828      2.9826      2.9768      2.9929      2.9926      2.9896      3.0500      3.0500      3.0498      
2016-06-14     2.0000      2.0017      2.0034      2.3414      2.3399      2.3357      2.7430      2.7525      2.7661      2.8412      2.8406      2.8409      2.9473      2.9467      2.9396      2.9828      2.9828      2.9784      2.9934      2.9928      2.9903      3.0500      3.0500      3.0500      
2016-06-15     2.0000      2.0007      2.0029      2.3416      2.3402      2.3362      2.7372      2.7479      2.7631      2.8424      2.8404      2.8413      2.9485      2.9474      2.9414      2.9828      2.9829      2.9798      2.9935      2.9930      2.9909      3.0500      3.0500      3.0500      
2016-06-16     2.0004      2.0003      2.0024      2.3420      2.3408      2.3368      2.7320      2.7443      2.7603      2.8455      2.8416      2.8420      2.9498      2.9480      2.9429      2.9831      2.9830      2.9808      2.9938      2.9932      2.9915      3.0500      3.0500      3.0500      
2016-06-17     2.0014      2.0004      2.0022      2.3426      2.3412      2.3375      2.7314      2.7418      2.7580      2.8489      2.8437      2.8431      2.9519      2.9491      2.9444      2.9836      2.9832      2.9817      2.9941      2.9935      2.9921      3.0500      3.0500      3.0500      
2016-06-20     2.0034      2.0015      2.0023      2.3444      2.3425      2.3385      2.7328      2.7405      2.7561      2.8536      2.8469      2.8446      2.9538      2.9501      2.9458      2.9838      2.9833      2.9824      2.9944      2.9936      2.9926      3.0502      3.0501      3.0501      
2016-06-21     2.0072      2.0036      2.0030      2.3470      2.3442      2.3397      2.7368      2.7399      2.7547      2.8594      2.8503      2.8462      2.9551      2.9512      2.9472      2.9840      2.9834      2.9828      2.9944      2.9939      2.9930      3.0504      3.0502      3.0501      
2016-06-22     2.0126      2.0063      2.0043      2.3498      2.3457      2.3410      2.7436      2.7404      2.7538      2.8659      2.8542      2.8479      2.9566      2.9525      2.9485      2.9841      2.9834      2.9829      2.9945      2.9940      2.9932      3.0506      3.0503      3.0502      
2016-06-23     2.0186      2.0095      2.0058      2.3528      2.3474      2.3423      2.7536      2.7428      2.7536      2.8715      2.8585      2.8499      2.9582      2.9540      2.9496      2.9841      2.9836      2.9830      2.9945      2.9941      2.9933      3.0508      3.0504      3.0502      
2016-06-24     2.0246      2.0130      2.0075      2.3578      2.3502      2.3443      2.7628      2.7471      2.7541      2.8767      2.8628      2.8519      2.9594      2.9557      2.9507      2.9837      2.9836      2.9831      2.9953      2.9947      2.9936      3.0510      3.0505      3.0503      
2016-06-27     2.0302      2.0168      2.0094      2.3626      2.3535      2.3464      2.7724      2.7526      2.7548      2.8809      2.8673      2.8540      2.9603      2.9571      2.9516      2.9837      2.9838      2.9832      2.9968      2.9956      2.9941      3.0510      3.0506      3.0503      
2016-06-28     2.0344      2.0208      2.0113      2.3680      2.3575      2.3487      2.7814      2.7591      2.7558      2.8844      2.8719      2.8562      2.9616      2.9584      2.9526      2.9837      2.9839      2.9833      2.9981      2.9963      2.9945      3.0510      3.0507      3.0504      
2016-06-29     2.0366      2.0246      2.0127      2.3742      2.3620      2.3511      2.7896      2.7666      2.7573      2.8870      2.8765      2.8584      2.9625      2.9596      2.9535      2.9843      2.9842      2.9835      2.9995      2.9970      2.9950      3.0510      3.0508      3.0504      
2016-06-30     2.0376      2.0281      2.0142      2.3796      2.3662      2.3535      2.7944      2.7740      2.7592      2.8881      2.8798      2.8607      2.9636      2.9609      2.9544      2.9853      2.9847      2.9838      3.0008      2.9977      2.9954      3.0508      3.0508      3.0504      
2016-07-01     2.0360      2.0303      2.0154      2.3784      2.3681      2.3547      2.7978      2.7803      2.7611      2.8865      2.8816      2.8626      2.9643      2.9618      2.9555      2.9868      2.9853      2.9842      3.0013      2.9983      2.9959      3.0506      3.0508      3.0504      
2016-07-04     2.0312      2.0307      2.0161      2.3744      2.3685      2.3555      2.7982      2.7853      2.7629      2.8826      2.8818      2.8643      2.9654      2.9628      2.9565      2.9879      2.9858      2.9846      3.0012      2.9990      2.9963      3.0504      3.0507      3.0504      
2016-07-05     2.0246      2.0295      2.0166      2.3670      2.3675      2.3559      2.7962      2.7888      2.7644      2.8766      2.8805      2.8654      2.9647      2.9632      2.9572      2.9890      2.9864      2.9849      3.0012      2.9997      2.9968      3.0502      3.0506      3.0504      
2016-07-06     2.0168      2.0267      2.0165      2.3572      2.3657      2.3557      2.7910      2.7903      2.7654      2.8698      2.8784      2.8663      2.9625      2.9625      2.9575      2.9895      2.9869      2.9852      3.0010      3.0002      2.9971      3.0500      3.0505      3.0504      
2016-07-07     2.0088      2.0232      2.0164      2.3462      2.3629      2.3552      2.7830      2.7887      2.7658      2.8631      2.8756      2.8671      2.9585      2.9610      2.9575      2.9892      2.9873      2.9854      3.0007      3.0008      2.9975      3.0500      3.0504      3.0504      
2016-07-08     2.0026      2.0193      2.0162      2.3386      2.3585      2.3544      2.7734      2.7856      2.7664      2.8576      2.8721      2.8674      2.9524      2.9584      2.9570      2.9878      2.9873      2.9855      3.0005      3.0009      2.9978      3.0500      3.0503      3.0504      
2016-07-11     1.9990      2.0151      2.0160      2.3322      2.3533      2.3534      2.7628      2.7805      2.7666      2.8528      2.8677      2.8675      2.9452      2.9553      2.9562      2.9853      2.9866      2.9852      3.0000      3.0006      2.9981      3.0500      3.0502      3.0504      
2016-07-12     1.9964      2.0105      2.0157      2.3272      2.3471      2.3523      2.7520      2.7741      2.7666      2.8482      2.8624      2.8671      2.9379      2.9513      2.9548      2.9823      2.9857      2.9848      2.9992      3.0002      2.9982      3.0500      3.0501      3.0504      
2016-07-13     1.9952      2.0060      2.0153      2.3224      2.3398      2.3509      2.7408      2.7659      2.7663      2.8416      2.8557      2.8661      2.9287      2.9456      2.9526      2.9788      2.9842      2.9842      2.9984      2.9997      2.9983      3.0498      3.0499      3.0504      
2016-07-14     1.9944      2.0016      2.0149      2.3184      2.3323      2.3493      2.7294      2.7562      2.7651      2.8329      2.8480      2.8639      2.9172      2.9378      2.9494      2.9746      2.9819      2.9833      2.9972      2.9990      2.9983      3.0492      3.0496      3.0502      
2016-07-15     1.9944      1.9985      2.0144      2.3146      2.3266      2.3474      2.7174      2.7454      2.7629      2.8236      2.8406      2.8611      2.9054      2.9289      2.9454      2.9708      2.9793      2.9823      2.9944      2.9974      2.9979      3.0486      3.0493      3.0501      
2016-07-18     1.9944      1.9967      2.0137      2.3114      2.3218      2.3452      2.7068      2.7348      2.7601      2.8144      2.8336      2.8577      2.8932      2.9192      2.9410      2.9671      2.9762      2.9810      2.9916      2.9958      2.9974      3.0482      3.0491      3.0499      
2016-07-19     1.9962      1.9963      2.0129      2.3092      2.3182      2.3429      2.6972      2.7246      2.7567      2.8060      2.8271      2.8538      2.8814      2.9097      2.9364      2.9635      2.9729      2.9796      2.9892      2.9942      2.9969      3.0478      3.0489      3.0498      
2016-07-20     1.9986      1.9969      2.0118      2.3082      2.3153      2.3405      2.6894      2.7151      2.7527      2.8002      2.8209      2.8497      2.8723      2.9005      2.9315      2.9604      2.9696      2.9783      2.9870      2.9927      2.9965      3.0470      3.0484      3.0495      
2016-07-21     2.0016      1.9980      2.0106      2.3084      2.3134      2.3382      2.6842      2.7068      2.7478      2.7954      2.8142      2.8449      2.8662      2.8917      2.9264      2.9582      2.9664      2.9768      2.9846      2.9909      2.9958      3.0468      3.0480      3.0492      
2016-07-22     2.0070      2.0007      2.0100      2.3110      2.3128      2.3357      2.6812      2.6993      2.7425      2.7916      2.8076      2.8398      2.8620      2.8837      2.9210      2.9562      2.9635      2.9754      2.9836      2.9890      2.9950      3.0462      3.0474      3.0489      
2016-07-25     2.0142      2.0043      2.0097      2.3160      2.3137      2.3335      2.6796      2.6932      2.7369      2.7878      2.8011      2.8344      2.8588      2.8760      2.9156      2.9540      2.9606      2.9736      2.9818      2.9867      2.9937      3.0448      3.0465      3.0484      
2016-07-26     2.0210      2.0086      2.0096      2.3240      2.3166      2.3319      2.6810      2.6891      2.7316      2.7846      2.7953      2.8289      2.8560      2.8687      2.9100      2.9517      2.9576      2.9716      2.9796      2.9844      2.9923      3.0434      3.0456      3.0479      
2016-07-27     2.0276      2.0131      2.0096      2.3344      2.3213      2.3306      2.6844      2.6869      2.7264      2.7812      2.7907      2.8232      2.8535      2.8629      2.9043      2.9494      2.9549      2.9695      2.9767      2.9819      2.9908      3.0426      3.0448      3.0474      
2016-07-28     2.0316      2.0166      2.0091      2.3440      2.3262      2.3293      2.6880      2.6861      2.7212      2.7790      2.7872      2.8176      2.8513      2.8588      2.8983      2.9461      2.9522      2.9670      2.9734      2.9790      2.9890      3.0412      3.0440      3.0468      
2016-07-29     2.0304      2.0187      2.0086      2.3494      2.3302      2.3284      2.6908      2.6860      2.7157      2.7768      2.7842      2.8124      2.8493      2.8557      2.8923      2.9425      2.9494      2.9643      2.9704      2.9770      2.9872      3.0400      3.0431      3.0462      
2016-08-01     2.0264      2.0203      2.0085      2.3516      2.3338      2.3278      2.6914      2.6855      2.7102      2.7741      2.7810      2.8073      2.8473      2.8531      2.8861      2.9397      2.9469      2.9615      2.9681      2.9750      2.9854      3.0394      3.0421      3.0456      
2016-08-02     2.0206      2.0208      2.0086      2.3496      2.3368      2.3275      2.6882      2.6846      2.7046      2.7705      2.7776      2.8023      2.8449      2.8505      2.8801      2.9362      2.9440      2.9584      2.9652      2.9724      2.9833      3.0383      3.0409      3.0449      
2016-08-03     2.0138      2.0207      2.0088      2.3440      2.3392      2.3273      2.6822      2.6833      2.6992      2.7661      2.7737      2.7973      2.8418      2.8477      2.8741      2.9318      2.9406      2.9551      2.9618      2.9693      2.9810      3.0368      3.0397      3.0441      
2016-08-04     2.0086      2.0201      2.0091      2.3370      2.3405      2.3270      2.6746      2.6813      2.6941      2.7589      2.7690      2.7916      2.8369      2.8441      2.8679      2.9275      2.9368      2.9516      2.9584      2.9659      2.9784      3.0350      3.0381      3.0431      
2016-08-05     2.0056      2.0180      2.0094      2.3308      2.3401      2.3265      2.6660      2.6784      2.6889      2.7501      2.7635      2.7855      2.8314      2.8404      2.8620      2.9224      2.9325      2.9480      2.9541      2.9622      2.9756      3.0330      3.0365      3.0420      
2016-08-08     2.0042      2.0153      2.0098      2.3254      2.3385      2.3261      2.6572      2.6743      2.6838      2.7410      2.7576      2.7793      2.8256      2.8365      2.8562      2.9170      2.9284      2.9445      2.9492      2.9586      2.9727      3.0307      3.0350      3.0408      
2016-08-09     2.0046      2.0126      2.0106      2.3212      2.3354      2.3260      2.6492      2.6687      2.6789      2.7316      2.7511      2.7732      2.8199      2.8324      2.8506      2.9125      2.9244      2.9410      2.9447      2.9549      2.9697      3.0285      3.0334      3.0395      
2016-08-10     2.0072      2.0105      2.0118      2.3198      2.3319      2.3266      2.6432      2.6627      2.6748      2.7224      2.7443      2.7675      2.8149      2.8284      2.8456      2.9089      2.9204      2.9376      2.9409      2.9514      2.9666      3.0270      3.0319      3.0384      
2016-08-11     2.0110      2.0098      2.0132      2.3214      2.3292      2.3277      2.6390      2.6568      2.6715      2.7156      2.7373      2.7622      2.8115      2.8242      2.8415      2.9057      2.9166      2.9344      2.9379      2.9482      2.9636      3.0264      3.0307      3.0374      
2016-08-12     2.0148      2.0102      2.0145      2.3252      2.3280      2.3291      2.6364      2.6512      2.6686      2.7108      2.7305      2.7573      2.8087      2.8201      2.8379      2.9036      2.9130      2.9312      2.9352      2.9447      2.9608      3.0260      3.0295      3.0363      
2016-08-15     2.0185      2.0113      2.0158      2.3302      2.3278      2.3308      2.6366      2.6469      2.6662      2.7077      2.7244      2.7527      2.8063      2.8159      2.8345      2.9022      2.9096      2.9282      2.9336      2.9414      2.9582      3.0264      3.0285      3.0353      
2016-08-16     2.0209      2.0127      2.0168      2.3354      2.3283      2.3326      2.6370      2.6431      2.6639      2.7053      2.7185      2.7480      2.8041      2.8120      2.8312      2.9007      2.9066      2.9253      2.9321      2.9384      2.9554      3.0266      3.0275      3.0342      
2016-08-17     2.0219      2.0145      2.0176      2.3394      2.3296      2.3344      2.6368      2.6400      2.6617      2.7031      2.7128      2.7432      2.8016      2.8082      2.8279      2.8992      2.9041      2.9223      2.9305      2.9357      2.9525      3.0266      3.0268      3.0332      
2016-08-18     2.0223      2.0166      2.0184      2.3424      2.3319      2.3362      2.6364      2.6377      2.6595      2.7013      2.7085      2.7387      2.7994      2.8054      2.8248      2.8980      2.9019      2.9193      2.9292      2.9336      2.9497      3.0264      3.0264      3.0322      
2016-08-19     2.0227      2.0187      2.0184      2.3446      2.3349      2.3375      2.6354      2.6359      2.6572      2.6995      2.7052      2.7343      2.7971      2.8029      2.8216      2.8972      2.9004      2.9164      2.9283      2.9317      2.9470      3.0266      3.0263      3.0314      
2016-08-22     2.0227      2.0206      2.0179      2.3457      2.3380      2.3382      2.6341      2.6353      2.6548      2.6980      2.7028      2.7302      2.7954      2.8008      2.8186      2.8965      2.8994      2.9139      2.9272      2.9304      2.9445      3.0263      3.0264      3.0307      
2016-08-23     2.0249      2.0229      2.0177      2.3475      2.3415      2.3384      2.6331      2.6350      2.6519      2.6968      2.7010      2.7260      2.7941      2.7991      2.8157      2.8959      2.8983      2.9113      2.9265      2.9293      2.9421      3.0263      3.0265      3.0299      
2016-08-24     2.0291      2.0255      2.0180      2.3509      2.3452      2.3385      2.6343      2.6355      2.6491      2.6967      2.6999      2.7221      2.7937      2.7976      2.8130      2.8957      2.8975      2.9089      2.9265      2.9285      2.9400      3.0265      3.0266      3.0292      
2016-08-25     2.0333      2.0278      2.0188      2.3543      2.3484      2.3388      2.6369      2.6366      2.6467      2.6974      2.6994      2.7183      2.7939      2.7966      2.8104      2.8959      2.8970      2.9068      2.9265      2.9279      2.9380      3.0267      3.0266      3.0286      
2016-08-26     2.0375      2.0301      2.0201      2.3573      2.3510      2.3395      2.6381      2.6367      2.6440      2.6976      2.6986      2.7145      2.7945      2.7958      2.8079      2.8957      2.8965      2.9047      2.9267      2.9275      2.9361      3.0267      3.0267      3.0281      
2016-08-29     2.0426      2.0326      2.0220      2.3608      2.3533      2.3405      2.6356      2.6348      2.6409      2.6973      2.6976      2.7110      2.7946      2.7950      2.8055      2.8952      2.8959      2.9027      2.9268      2.9270      2.9342      3.0268      3.0266      3.0275      
2016-08-30     2.0486      2.0367      2.0247      2.3636      2.3556      2.3419      2.6296      2.6313      2.6372      2.6973      2.6970      2.7077      2.7950      2.7945      2.8033      2.8945      2.8952      2.9009      2.9269      2.9267      2.9326      3.0266      3.0265      3.0270      
2016-08-31     2.0530      2.0410      2.0278      2.3650      2.3580      2.3438      2.6180      2.6261      2.6331      2.6970      2.6968      2.7048      2.7950      2.7943      2.8013      2.8936      2.8947      2.8994      2.9268      2.9267      2.9312      3.0266      3.0266      3.0267      
2016-09-01     2.0574      2.0453      2.0310      2.3658      2.3601      2.3460      2.6029      2.6199      2.6288      2.6962      2.6968      2.7026      2.7942      2.7940      2.7997      2.8923      2.8941      2.8980      2.9265      2.9265      2.9301      3.0264      3.0266      3.0265      
2016-09-02     2.0618      2.0496      2.0342      2.3672      2.3623      2.3486      2.5865      2.6123      2.6241      2.6948      2.6962      2.7007      2.7926      2.7935      2.7982      2.8905      2.8931      2.8968      2.9259      2.9263      2.9290      3.0263      3.0265      3.0264      
2016-09-05     2.0660      2.0543      2.0374      2.3682      2.3645      2.3512      2.5711      2.6033      2.6193      2.6928      2.6950      2.6989      2.7908      2.7927      2.7968      2.8885      2.8919      2.8956      2.9247      2.9258      2.9281      3.0260      3.0264      3.0264      
2016-09-06     2.0688      2.0587      2.0408      2.3686      2.3661      2.3538      2.5579      2.5937      2.6144      2.6900      2.6936      2.6973      2.7887      2.7919      2.7955      2.8863      2.8904      2.8944      2.9234      2.9252      2.9272      3.0263      3.0265      3.0265      
2016-09-07     2.0719      2.0624      2.0439      2.3684      2.3667      2.3559      2.5471      2.5825      2.6090      2.6862      2.6916      2.6957      2.7861      2.7906      2.7941      2.8838      2.8887      2.8931      2.9223      2.9246      2.9265      3.0262      3.0264      3.0265      
2016-09-08     2.0749      2.0661      2.0469      2.3688      2.3673      2.3578      2.5368      2.5698      2.6032      2.6819      2.6891      2.6942      2.7841      2.7892      2.7929      2.8813      2.8868      2.8919      2.9214      2.9240      2.9259      3.0261      3.0263      3.0264      
2016-09-09     2.0787      2.0702      2.0501      2.3703      2.3688      2.3599      2.5292      2.5578      2.5973      2.6793      2.6871      2.6928      2.7831      2.7879      2.7918      2.8799      2.8852      2.8908      2.9208      2.9234      2.9254      3.0259      3.0261      3.0264      
2016-09-12     2.0837      2.0748      2.0537      2.3721      2.3702      2.3617      2.5236      2.5473      2.5911      2.6774      2.6851      2.6914      2.7829      2.7869      2.7909      2.8789      2.8837      2.8898      2.9208      2.9228      2.9249      3.0261      3.0261      3.0263      
2016-09-13     2.0899      2.0793      2.0580      2.3756      2.3721      2.3638      2.5197      2.5388      2.5851      2.6769      2.6834      2.6902      2.7830      2.7859      2.7902      2.8786      2.8824      2.8888      2.9210      2.9222      2.9245      3.0261      3.0262      3.0263      
2016-09-14     2.0994      2.0856      2.0633      2.3804      2.3744      2.3662      2.5177      2.5324      2.5793      2.6787      2.6824      2.6896      2.7845      2.7853      2.7898      2.8786      2.8812      2.8879      2.9210      2.9217      2.9242      3.0261      3.0262      3.0264      
2016-09-18     2.1112      2.0930      2.0692      2.3852      2.3770      2.3685      2.5181      2.5275      2.5737      2.6817      2.6818      2.6893      2.7867      2.7854      2.7897      2.8795      2.8804      2.8873      2.9210      2.9212      2.9239      3.0265      3.0263      3.0264      
2016-09-19     2.1250      2.1018      2.0757      2.3893      2.3798      2.3710      2.5209      2.5251      2.5687      2.6853      2.6823      2.6893      2.7893      2.7862      2.7899      2.8802      2.8800      2.8866      2.9213      2.9211      2.9237      3.0269      3.0264      3.0265      
2016-09-20     2.1378      2.1107      2.0825      2.3937      2.3829      2.3737      2.5243      2.5240      2.5636      2.6898      2.6836      2.6893      2.7921      2.7875      2.7901      2.8809      2.8799      2.8859      2.9221      2.9214      2.9236      3.0271      3.0266      3.0265      
2016-09-21     2.1496      2.1197      2.0892      2.3976      2.3866      2.3764      2.5290      2.5244      2.5590      2.6953      2.6861      2.6899      2.7953      2.7891      2.7905      2.8819      2.8803      2.8853      2.9227      2.9218      2.9235      3.0273      3.0267      3.0266      
2016-09-22     2.1576      2.1285      2.0955      2.4008      2.3906      2.3787      2.5372      2.5275      2.5550      2.7016      2.6902      2.6909      2.7982      2.7913      2.7909      2.8836      2.8811      2.8849      2.9235      2.9222      2.9234      3.0275      3.0268      3.0266      
2016-09-23     2.1630      2.1371      2.1016      2.4032      2.3942      2.3808      2.5482      2.5332      2.5515      2.7097      2.6957      2.6924      2.8006      2.7936      2.7914      2.8850      2.8823      2.8845      2.9249      2.9229      2.9234      3.0275      3.0270      3.0266      
2016-09-26     2.1650      2.1450      2.1076      2.4116      2.4005      2.3846      2.5582      2.5396      2.5487      2.7173      2.7013      2.6942      2.8022      2.7957      2.7918      2.8866      2.8834      2.8843      2.9260      2.9237      2.9235      3.0273      3.0271      3.0266      
2016-09-27     2.1664      2.1521      2.1135      2.4234      2.4086      2.3894      2.5694      2.5469      2.5471      2.7245      2.7072      2.6961      2.8029      2.7975      2.7922      2.8875      2.8842      2.8839      2.9267      2.9244      2.9236      3.0271      3.0271      3.0266      
2016-09-28     2.1686      2.1591      2.1192      2.4376      2.4176      2.3949      2.5804      2.5547      2.5467      2.7311      2.7132      2.6983      2.8030      2.7991      2.7925      2.8880      2.8850      2.8837      2.9276      2.9251      2.9237      3.0269      3.0271      3.0267      
2016-09-29     2.1726      2.1651      2.1254      2.4534      2.4271      2.4008      2.5888      2.5630      2.5477      2.7361      2.7189      2.7007      2.8027      2.8004      2.7929      2.8879      2.8858      2.8835      2.9283      2.9259      2.9238      3.0267      3.0271      3.0266      
2016-09-30     2.2046      2.1838      2.1384      2.4676      2.4354      2.4062      2.5938      2.5710      2.5492      2.7384      2.7240      2.7029      2.8022      2.8014      2.7934      2.8876      2.8863      2.8834      2.9284      2.9266      2.9239      3.0265      3.0270      3.0267      
2016-10-08     2.2104      2.1877      2.1448      2.4682      2.4399      2.4099      2.5952      2.5767      2.5509      2.7390      2.7281      2.7052      2.8017      2.8019      2.7941      2.8870      2.8868      2.8834      2.9284      2.9272      2.9241      3.0267      3.0270      3.0267      
2016-10-09     2.2122      2.1893      2.1500      2.4614      2.4424      2.4127      2.5922      2.5808      2.5524      2.7379      2.7312      2.7074      2.8015      2.8022      2.7948      2.8870      2.8873      2.8836      2.9284      2.9276      2.9245      3.0269      3.0270      3.0268      
2016-10-10     2.2090      2.1888      2.1543      2.4482      2.4429      2.4148      2.5854      2.5829      2.5536      2.7350      2.7330      2.7096      2.8015      2.8023      2.7957      2.8870      2.8875      2.8839      2.9284      2.9280      2.9249      3.0271      3.0270      3.0269      
2016-10-11     2.2020      2.1873      2.1579      2.4296      2.4415      2.4161      2.5754      2.5821      2.5548      2.7300      2.7331      2.7116      2.8015      2.8021      2.7967      2.8870      2.8875      2.8843      2.9284      2.9284      2.9253      3.0273      3.0270      3.0269      
2016-10-12     2.1666      2.1856      2.1613      2.4108      2.4392      2.4167      2.5640      2.5789      2.5560      2.7248      2.7316      2.7136      2.8015      2.8019      2.7977      2.8870      2.8873      2.8848      2.9284      2.9284      2.9257      3.0275      3.0270      3.0270      
2016-10-13     2.1582      2.1843      2.1646      2.3980      2.4331      2.4168      2.5550      2.5751      2.5573      2.7201      2.7295      2.7154      2.8017      2.8017      2.7987      2.8871      2.8871      2.8852      2.9284      2.9284      2.9260      3.0275      3.0271      3.0271      
2016-10-14     2.1538      2.1830      2.1675      2.3878      2.4246      2.4166      2.5484      2.5703      2.5586      2.7163      2.7271      2.7171      2.8019      2.8017      2.7996      2.8871      2.8871      2.8856      2.9284      2.9284      2.9264      3.0275      3.0272      3.0272      
2016-10-17     2.1532      2.1811      2.1701      2.3808      2.4145      2.4161      2.5446      2.5650      2.5599      2.7133      2.7241      2.7187      2.8024      2.8020      2.8005      2.8871      2.8871      2.8860      2.9284      2.9284      2.9268      3.0275      3.0273      3.0272      
2016-10-18     2.1572      2.1796      2.1723      2.3782      2.4039      2.4155      2.5430      2.5592      2.5611      2.7121      2.7211      2.7200      2.8029      2.8022      2.8013      2.8871      2.8871      2.8864      2.9284      2.9284      2.9271      3.0275      3.0274      3.0273      
2016-10-19     2.1664      2.1665      2.1751      2.3796      2.3952      2.4153      2.5440      2.5540      2.5625      2.7118      2.7183      2.7212      2.8034      2.8025      2.8019      2.8875      2.8872      2.8868      2.9289      2.9287      2.9276      3.0276      3.0276      3.0273      
2016-10-20     2.1778      2.1680      2.1778      2.3834      2.3907      2.4153      2.5460      2.5505      2.5636      2.7136      2.7168      2.7225      2.8040      2.8028      2.8024      2.8877      2.8874      2.8871      2.9304      2.9294      2.9283      3.0277      3.0276      3.0273      
2016-10-21     2.1916      2.1727      2.1810      2.3888      2.3883      2.4154      2.5486      2.5485      2.5647      2.7162      2.7162      2.7237      2.8054      2.8037      2.8029      2.8883      2.8877      2.8875      2.9325      2.9305      2.9290      3.0278      3.0277      3.0273      
2016-10-24     2.2060      2.1796      2.1842      2.3946      2.3877      2.4153      2.5514      2.5480      2.5655      2.7191      2.7162      2.7246      2.8072      2.8048      2.8035      2.8891      2.8881      2.8878      2.9350      2.9317      2.9299      3.0281      3.0278      3.0274      
2016-10-25     2.2190      2.1881      2.1877      2.3992      2.3887      2.4151      2.5546      2.5488      2.5655      2.7220      2.7170      2.7251      2.8092      2.8061      2.8041      2.8903      2.8887      2.8881      2.9379      2.9332      2.9308      3.0286      3.0281      3.0275      
2016-10-26     2.2294      2.1979      2.1918      2.4030      2.3913      2.4153      2.5578      2.5509      2.5649      2.7262      2.7190      2.7253      2.8117      2.8075      2.8047      2.8914      2.8894      2.8884      2.9405      2.9347      2.9316      3.0290      3.0283      3.0277      
2016-10-27     2.2386      2.2082      2.1963      2.4058      2.3946      2.4139      2.5612      2.5536      2.5644      2.7293      2.7214      2.7255      2.8147      2.8094      2.8055      2.8926      2.8902      2.8886      2.9423      2.9364      2.9324      3.0296      3.0287      3.0279      
2016-10-28     2.2450      2.2183      2.2007      2.4086      2.3987      2.4117      2.5650      2.5568      2.5636      2.7330      2.7246      2.7258      2.8172      2.8113      2.8065      2.8942      2.8913      2.8892      2.9443      2.9384      2.9334      3.0304      3.0291      3.0282      
2016-10-31     2.2494      2.2277      2.2044      2.4114      2.4030      2.4088      2.5684      2.5599      2.5625      2.7371      2.7281      2.7261      2.8193      2.8133      2.8076      2.8960      2.8926      2.8898      2.9463      2.9407      2.9345      3.0310      3.0296      3.0284      
2016-11-01     2.2522      2.2356      2.2076      2.4138      2.4065      2.4052      2.5710      2.5628      2.5610      2.7416      2.7318      2.7264      2.8216      2.8154      2.8088      2.8978      2.8941      2.8906      2.9481      2.9430      2.9357      3.0314      3.0300      3.0287      
2016-11-02     2.2524      2.2409      2.2037      2.4148      2.4089      2.4021      2.5724      2.5651      2.5596      2.7448      2.7355      2.7269      2.8242      2.8180      2.8102      2.8996      2.8955      2.8914      2.9497      2.9451      2.9369      3.0324      3.0307      3.0291      
2016-11-03     2.2506      2.2446      2.2063      2.4142      2.4100      2.4004      2.5728      2.5670      2.5588      2.7473      2.7383      2.7276      2.8277      2.8212      2.8120      2.9013      2.8970      2.8922      2.9519      2.9471      2.9383      3.0338      3.0317      3.0297      
2016-11-04     2.2462      2.2456      2.2092      2.4122      2.4104      2.3994      2.5722      2.5686      2.5586      2.7485      2.7408      2.7285      2.8324      2.8248      2.8142      2.9030      2.8986      2.8932      2.9540      2.9491      2.9398      3.0356      3.0330      3.0303      
2016-11-07     2.2368      2.2431      2.2114      2.4084      2.4099      2.3988      2.5710      2.5697      2.5589      2.7493      2.7432      2.7297      2.8393      2.8293      2.8170      2.9052      2.9006      2.8944      2.9558      2.9510      2.9414      3.0374      3.0342      3.0310      
2016-11-08     2.2238      2.2380      2.2131      2.4036      2.4087      2.3987      2.5694      2.5702      2.5595      2.7489      2.7453      2.7311      2.8472      2.8344      2.8202      2.9076      2.9027      2.8957      2.9576      2.9528      2.9430      3.0392      3.0353      3.0317      
2016-11-09     2.2104      2.2314      2.2147      2.3986      2.4067      2.3990      2.5672      2.5698      2.5604      2.7478      2.7463      2.7327      2.8543      2.8393      2.8234      2.9100      2.9048      2.8971      2.9599      2.9548      2.9448      3.0405      3.0364      3.0324      
2016-11-10     2.2006      2.2256      2.2169      2.3956      2.4049      2.3998      2.5654      2.5691      2.5614      2.7472      2.7472      2.7343      2.8608      2.8442      2.8268      2.9130      2.9072      2.8987      2.9614      2.9567      2.9465      3.0417      3.0377      3.0332      
2016-11-11     2.1964      2.2213      2.2198      2.3950      2.4036      2.4012      2.5640      2.5681      2.5625      2.7469      2.7477      2.7362      2.8666      2.8495      2.8304      2.9159      2.9095      2.9004      2.9627      2.9583      2.9484      3.0425      3.0390      3.0341      
2016-11-14     2.2014      2.2191      2.2234      2.3966      2.4025      2.4028      2.5636      2.5673      2.5636      2.7473      2.7483      2.7382      2.8720      2.8557      2.8345      2.9183      2.9118      2.9022      2.9643      2.9600      2.9503      3.0439      3.0406      3.0351      
2016-11-15     2.2134      2.2186      2.2271      2.4012      2.4024      2.4045      2.5644      2.5669      2.5649      2.7481      2.7485      2.7401      2.8782      2.8627      2.8390      2.9216      2.9146      2.9043      2.9669      2.9622      2.9526      3.0455      3.0423      3.0362      
2016-11-16     2.2284      2.2194      2.2302      2.4090      2.4038      2.4064      2.5668      2.5670      2.5661      2.7500      2.7489      2.7422      2.8876      2.8710      2.8445      2.9261      2.9181      2.9068      2.9700      2.9649      2.9550      3.0480      3.0442      3.0375      
2016-11-17     2.2410      2.2208      2.2327      2.4176      2.4066      2.4083      2.5704      2.5679      2.5675      2.7530      2.7501      2.7442      2.9000      2.8804      2.8508      2.9330      2.9230      2.9100      2.9750      2.9682      2.9577      3.0513      3.0465      3.0391      
2016-11-18     2.2518      2.2241      2.2349      2.4260      2.4105      2.4105      2.5748      2.5694      2.5690      2.7582      2.7526      2.7467      2.9151      2.8909      2.8579      2.9431      2.9295      2.9141      2.9818      2.9722      2.9607      3.0565      3.0495      3.0413      
2016-11-21     2.2598      2.2306      2.2369      2.4342      2.4154      2.4127      2.5804      2.5720      2.5709      2.7659      2.7566      2.7499      2.9322      2.9021      2.8657      2.9555      2.9369      2.9188      2.9895      2.9769      2.9640      3.0626      3.0532      3.0437      
2016-11-22     2.2650      2.2392      2.2386      2.4412      2.4212      2.4150      2.5860      2.5752      2.5727      2.7755      2.7618      2.7535      2.9484      2.9133      2.8738      2.9687      2.9451      2.9239      2.9976      2.9822      2.9675      3.0693      3.0574      3.0463      
2016-11-23     2.2690      2.2487      2.2401      2.4458      2.4274      2.4171      2.5914      2.5791      2.5745      2.7864      2.7682      2.7572      2.9631      2.9253      2.8823      2.9818      2.9540      2.9294      3.0054      2.9877      2.9712      3.0755      3.0618      3.0491      
2016-11-24     2.2736      2.2573      2.2415      2.4490      2.4333      2.4191      2.5956      2.5830      2.5761      2.7982      2.7756      2.7614      2.9757      2.9379      2.8910      2.9933      2.9632      2.9352      3.0134      2.9942      2.9754      3.0830      3.0671      3.0524      
2016-11-25     2.2784      2.2651      2.2432      2.4518      2.4389      2.4213      2.5992      2.5870      2.5776      2.8086      2.7834      2.7656      2.9861      2.9506      2.9001      3.0031      2.9731      2.9413      3.0206      3.0012      2.9798      3.0905      3.0735      3.0563      
2016-11-28     2.2838      2.2718      2.2455      2.4554      2.4448      2.4237      2.6020      2.5912      2.5793      2.8197      2.7928      2.7705      2.9943      2.9633      2.9095      3.0126      2.9841      2.9479      3.0281      3.0088      2.9844      3.0988      3.0807      3.0607      
2016-11-29     2.2896      2.2773      2.2480      2.4616      2.4514      2.4269      2.6062      2.5961      2.5815      2.8312      2.8034      2.7759      3.0025      2.9755      2.9191      3.0221      2.9954      2.9550      3.0360      3.0168      2.9895      3.1085      3.0889      3.0656      
2016-11-30     2.2974      2.2832      2.2513      2.4706      2.4582      2.4310      2.6136      2.6025      2.5848      2.8433      2.8149      2.7819      3.0125      2.9878      2.9294      3.0335      3.0076      2.9629      3.0466      3.0260      2.9955      3.1213      3.0984      3.0713      
2016-12-01     2.3060      2.2898      2.2553      2.4806      2.4648      2.4357      2.6238      2.6097      2.5888      2.8580      2.8281      2.7891      3.0245      3.0001      2.9402      3.0468      3.0201      2.9715      3.0589      3.0362      3.0022      3.1338      3.1084      3.0774      
2016-12-02     2.3122      2.2953      2.2597      2.4892      2.4705      2.4405      2.6348      2.6170      2.5932      2.8760      2.8423      2.7974      3.0377      3.0119      2.9514      3.0602      3.0316      2.9806      3.0719      3.0463      3.0093      3.1466      3.1185      3.0840      
2016-12-05     2.3142      2.2990      2.2648      2.4954      2.4754      2.4454      2.6458      2.6239      2.5980      2.8962      2.8580      2.8073      3.0532      3.0238      2.9630      3.0747      3.0437      2.9903      3.0873      3.0577      3.0173      3.1597      3.1293      3.0912      
2016-12-06     2.3136      2.3016      2.2704      2.4978      2.4797      2.4505      2.6554      2.6308      2.6030      2.9201      2.8756      2.8187      3.0706      3.0365      2.9749      3.0905      3.0563      3.0007      3.1054      3.0707      3.0265      3.1748      3.1417      3.0995      
2016-12-07     2.3088      2.3031      2.2759      2.4968      2.4837      2.4556      2.6628      2.6382      2.6087      2.9460      2.8947      2.8314      3.0861      3.0493      2.9873      3.1061      3.0698      3.0119      3.1242      3.0854      3.0366      3.1889      3.1551      3.1084      
2016-12-08     2.3020      2.3040      2.2806      2.4946      2.4876      2.4604      2.6679      2.6459      2.6144      2.9734      2.9157      2.8456      3.0978      3.0612      2.9995      3.1187      3.0827      3.0229      3.1401      3.0995      3.0469      3.2031      3.1684      3.1178      
2016-12-09     2.2965      2.3043      2.2847      2.4929      2.4911      2.4650      2.6727      2.6538      2.6204      3.0014      2.9387      2.8611      3.1094      3.0736      3.0121      3.1301      3.0951      3.0341      3.1553      3.1136      3.0574      3.2163      3.1815      3.1275      
2016-12-12     2.2933      2.3037      2.2878      2.4923      2.4939      2.4693      2.6775      2.6617      2.6264      3.0274      2.9618      2.8773      3.1192      3.0862      3.0247      3.1382      3.1065      3.0453      3.1674      3.1273      3.0681      3.2285      3.1941      3.1374      
2016-12-13     2.2927      2.3031      2.2902      2.4929      2.4954      2.4734      2.6831      2.6693      2.6327      3.0506      2.9853      2.8943      3.1284      3.0995      3.0375      3.1459      3.1182      3.0568      3.1774      3.1414      3.0791      3.2393      3.2070      3.1480      
2016-12-14     2.2943      2.3015      2.2924      2.4945      2.4957      2.4769      2.6880      2.6754      2.6389      3.0721      3.0091      2.9120      3.1370      3.1116      3.0497      3.1528      3.1295      3.0685      3.1859      3.1551      3.0906      3.2502      3.2195      3.1590      
2016-12-15     2.2983      2.3001      2.2950      2.4974      2.4960      2.4804      2.6933      2.6806      2.6451      3.0910      3.0322      2.9302      3.1469      3.1224      3.0612      3.1617      3.1402      3.0801      3.1975      3.1688      3.1025      3.2611      3.2321      3.1702      
2016-12-16     2.3058      2.3011      2.2982      2.5026      2.4978      2.4841      2.6993      2.6860      2.6515      3.1107      3.0560      2.9492      3.1570      3.1332      3.0726      3.1726      3.1513      3.0915      3.2107      3.1830      3.1146      3.2730      3.2447      3.1816      
2016-12-19     2.3144      2.3038      2.3014      2.5088      2.5006      2.4880      2.7073      2.6924      2.6581      3.1295      3.0784      2.9682      3.1675      3.1433      3.0836      3.1853      3.1618      3.1027      3.2244      3.1959      3.1268      3.2849      3.2567      3.1930      
2016-12-20     2.3242      2.3084      2.3050      2.5171      2.5050      2.4924      2.7178      2.7004      2.6656      3.1511      3.1009      2.9882      3.1783      3.1533      3.0949      3.1975      3.1717      3.1140      3.2388      3.2081      3.1394      3.2965      3.2679      3.2048      
2016-12-21     2.3332      2.3137      2.3084      2.5261      2.5103      2.4970      2.7299      2.7089      2.6736      3.1739      3.1230      3.0088      3.1902      3.1636      3.1065      3.2092      3.1810      3.1254      3.2525      3.2192      3.1523      3.3087      3.2794      3.2173      
2016-12-22     2.3392      2.3188      2.3114      2.5339      2.5156      2.5016      2.7429      2.7181      2.6820      3.1964      3.1437      3.0297      3.2029      3.1749      3.1180      3.2212      3.1914      3.1371      3.2635      3.2305      3.1650      3.3207      3.2909      3.2297      
2016-12-23     2.3378      2.3218      2.3131      2.5387      2.5207      2.5059      2.7557      2.7275      2.6906      3.2167      3.1637      3.0512      3.2141      3.1856      3.1296      3.2318      3.2022      3.1487      3.2726      3.2416      3.1776      3.3319      3.3024      3.2420      
2016-12-26     2.3296      2.3220      2.3129      2.5427      2.5258      2.5098      2.7671      2.7372      2.6994      3.2371      3.1833      3.0725      3.2244      3.1960      3.1411      3.2432      3.2143      3.1604      3.2811      3.2528      3.1900      3.3422      3.3136      3.2538      
2016-12-27     2.3134      2.3188      2.3110      2.5446      2.5309      2.5131      2.7750      2.7464      2.7078      3.2539      3.2025      3.0939      3.2339      3.2061      3.1528      3.2532      3.2254      3.1718      3.2874      3.2631      3.2022      3.3505      3.3235      3.2653      
2016-12-28     2.2936      2.3134      2.3075      2.5448      2.5355      2.5156      2.7828      2.7564      2.7159      3.2686      3.2213      3.1152      3.2424      3.2163      3.1639      3.2622      3.2357      3.1826      3.2924      3.2724      3.2137      3.3557      3.3322      3.2759      
2016-12-29     2.2708      2.3050      2.3026      2.5448      2.5394      2.5177      2.7914      2.7672      2.7239      3.2810      3.2387      3.1355      3.2501      3.2265      3.1744      3.2700      3.2456      3.1929      3.2981      3.2808      3.2248      3.3601      3.3404      3.2862      
2016-12-30     2.2522      2.2950      2.2981      2.5448      2.5418      2.5198      2.8018      2.7788      2.7324      3.2910      3.2538      3.1549      3.2579      3.2360      3.1846      3.2770      3.2544      3.2029      3.3045      3.2886      3.2358      3.3637      3.3478      3.2962      
