日期           O/N                                 1W                                  2W                                  1M                                  3M                                  6M                                  9M                                  1Y                                  
===========================================================================================================================================
               5日均值     10日均值    20日均值    5日均值     10日均值    20日均值    5日均值     10日均值    20日均值    5日均值     10日均值    20日均值    5日均值     10日均值    20日均值    5日均值     10日均值    20日均值    5日均值     10日均值    20日均值    5日均值     10日均值    20日均值    
2014-01-02     3.3996      3.7481      3.6485      5.0936      6.0250      5.2970      5.9434      6.2886      5.5273      6.2014      6.6408      6.1732      5.5519      5.5197      5.3952      4.9057      4.8570      4.6668      4.9260      4.8812      4.6948      4.9466      4.9024      4.7445      
2014-01-03     3.2006      3.6641      3.6136      4.9700      5.8489      5.3047      5.8202      6.2192      5.5280      6.1276      6.5508      6.1792      5.5576      5.5339      5.4293      4.9182      4.8760      4.7016      4.9380      4.8989      4.7292      4.9577      4.9199      4.7733      
2014-01-06     3.0820      3.5634      3.5746      4.8832      5.5468      5.3088      5.7170      6.0622      5.5468      6.1242      6.4453      6.2232      5.5629      5.5454      5.4496      4.9289      4.8926      4.7364      4.9484      4.9141      4.7638      4.9670      4.9346      4.8022      
2014-01-07     3.0160      3.3994      3.5374      4.7668      5.0884      5.2975      5.5504      5.7450      5.5564      6.0848      6.2722      6.2469      5.5675      5.5514      5.4655      4.9385      4.9065      4.7676      4.9571      4.9270      4.7946      4.9747      4.9467      4.8281      
2014-01-08     2.9524      3.2679      3.5010      4.5420      4.8813      5.2816      5.3434      5.6616      5.5667      6.0322      6.1767      6.2646      5.5726      5.5579      5.4777      4.9461      4.9187      4.7955      4.9640      4.9382      4.8217      4.9806      4.9572      4.8514      
2014-01-09     2.8850      3.1423      3.4652      4.3498      4.7217      5.2662      5.1514      5.5474      5.5792      6.1130      6.1572      6.3184      5.5762      5.5641      5.4903      4.9527      4.9292      4.8207      4.9695      4.9478      4.8457      4.9857      4.9662      4.8722      
2014-01-10     2.8370      3.0188      3.4305      4.2158      4.5929      5.2530      4.9966      5.4084      5.5912      6.0078      6.0677      6.3314      5.5798      5.5687      5.5033      4.9584      4.9383      4.8431      4.9742      4.9561      4.8671      4.9892      4.9735      4.8907      
2014-01-13     2.8006      2.9413      3.3958      4.0918      4.4875      5.2386      4.8372      5.2771      5.6025      6.0058      6.0650      6.3835      5.5822      5.5725      5.5158      4.9632      4.9460      4.8630      4.9778      4.9631      4.8859      4.9918      4.9794      4.9072      
2014-01-14     2.7735      2.8948      3.3604      4.0407      4.4038      5.2209      4.7604      5.1554      5.6175      6.1176      6.1012      6.4299      5.5843      5.5759      5.5286      4.9671      4.9528      4.8806      4.9806      4.9689      4.9024      4.9940      4.9843      4.9218      
2014-01-15     2.7578      2.8551      3.3244      4.0085      4.2753      5.1962      4.7032      5.0233      5.6220      6.3360      6.1841      6.4552      5.5848      5.5787      5.5402      4.9705      4.9583      4.8964      4.9837      4.9738      4.9171      4.9958      4.9882      4.9351      
2014-01-16     2.7534      2.8192      3.2837      4.0557      4.2028      5.1139      4.6792      4.9153      5.6020      6.4118      6.2624      6.4516      5.5843      5.5802      5.5500      4.9735      4.9631      4.9100      4.9864      4.9780      4.9296      4.9972      4.9915      4.9469      
2014-01-17     2.7636      2.8003      3.2322      4.2027      4.2093      5.0291      4.6762      4.8364      5.5278      6.6696      6.3387      6.4448      5.5848      5.5823      5.5581      4.9765      4.9674      4.9217      4.9884      4.9813      4.9401      4.9986      4.9939      4.9569      
2014-01-20     2.9936      2.8971      3.2303      4.6659      4.3789      4.9628      4.8566      4.8469      5.4546      6.8710      6.4384      6.4419      5.5857      5.5839      5.5647      4.9792      4.9712      4.9319      4.9902      4.9840      4.9491      4.9995      4.9957      4.9651      
2014-01-21     3.1739      2.9737      3.1866      4.9722      4.5065      4.7974      5.0310      4.8957      5.3204      7.0596      6.5886      6.4304      5.5866      5.5854      5.5684      4.9819      4.9745      4.9405      4.9919      4.9862      4.9566      5.0000      4.9970      4.9719      
2014-01-22     3.3589      3.0583      3.1631      5.2240      4.6163      4.7488      5.2148      4.9590      5.3103      7.1012      6.7186      6.4477      5.5881      5.5865      5.5722      4.9845      4.9775      4.9481      4.9926      4.9882      4.9632      5.0001      4.9980      4.9776      
2014-01-23     3.5444      3.1489      3.1456      5.4314      4.7436      4.7326      5.4670      5.0731      5.3103      7.1042      6.7580      6.4576      5.5904      5.5873      5.5757      4.9868      4.9801      4.9547      4.9932      4.9898      4.9688      5.0001      4.9987      4.9824      
2014-01-24     3.7249      3.2442      3.1315      5.3660      4.7844      4.6886      5.8730      5.2746      5.3415      7.0748      6.8722      6.4700      5.5920      5.5884      5.5785      4.9888      4.9826      4.9605      4.9939      4.9912      4.9736      5.0001      4.9994      4.9864      
2014-01-26     3.8273      3.4104      3.1759      5.0436      4.8548      4.6711      6.0354      5.4460      5.3616      6.9794      6.9252      6.4951      5.5934      5.5895      5.5810      4.9903      4.9848      4.9654      4.9946      4.9924      4.9778      5.0001      4.9998      4.9896      
2014-01-27     4.0059      3.5899      3.2423      4.8744      4.9233      4.6635      6.1414      5.5862      5.3708      6.8600      6.9598      6.5305      5.5949      5.5908      5.5833      4.9915      4.9867      4.9697      4.9956      4.9937      4.9813      5.0001      5.0001      4.9922      
2014-01-28     4.2402      3.7995      3.3273      4.8227      5.0234      4.6493      6.3908      5.8028      5.4131      6.9366      7.0189      6.6015      5.5964      5.5923      5.5855      4.9924      4.9884      4.9734      4.9967      4.9947      4.9843      5.0001      5.0001      4.9942      
2014-01-29     4.4602      4.0023      3.4108      4.7857      5.1086      4.6557      6.6172      6.0421      5.4787      7.0334      7.0688      6.6656      5.5979      5.5942      5.5872      4.9931      4.9899      4.9765      4.9978      4.9955      4.9867      5.0001      5.0001      4.9958      
2014-01-30     4.6033      4.1641      3.4822      4.8925      5.1293      4.6693      6.4108      6.1419      5.4892      6.7582      6.9165      6.6276      5.5990      5.5955      5.5889      4.9934      4.9911      4.9793      4.9988      4.9963      4.9888      5.0001      5.0001      4.9970      
2014-02-07     4.5773      4.2023      3.5497      5.0309      5.0373      4.7081      6.2708      6.1531      5.5000      6.4392      6.7093      6.5739      5.5997      5.5966      5.5902      4.9936      4.9920      4.9816      4.9994      4.9970      4.9905      5.0001      5.0001      4.9979      
2014-02-08     4.5205      4.2632      3.6185      5.1431      5.0088      4.7576      6.1384      6.1399      5.5178      6.2354      6.5477      6.5682      5.6010      5.5980      5.5917      4.9937      4.9926      4.9835      4.9997      4.9976      4.9919      5.0001      5.0001      4.9985      
2014-02-10     4.4117      4.3260      3.6921      5.2098      5.0163      4.8163      5.8614      6.1261      5.5426      5.9386      6.4376      6.5781      5.6016      5.5990      5.5927      4.9938      4.9931      4.9853      4.9998      4.9983      4.9932      5.0001      5.0001      4.9990      
2014-02-11     4.2791      4.3697      3.7593      5.2284      5.0071      4.8753      5.5030      6.0601      5.5666      5.6518      6.3426      6.5503      5.6017      5.5998      5.5936      4.9938      4.9934      4.9868      4.9999      4.9989      4.9943      5.0001      5.0001      4.9994      
2014-02-12     4.2071      4.4052      3.8247      5.2674      5.0800      4.9322      5.4004      5.9056      5.5901      5.6936      6.2259      6.5491      5.6020      5.6005      5.5944      4.9940      4.9937      4.9882      4.9999      4.9994      4.9953      5.0001      5.0001      4.9997      
2014-02-13     4.0869      4.3321      3.8713      5.1898      5.1104      4.9826      5.2526      5.7617      5.6039      5.7394      6.0893      6.5073      5.6027      5.6012      5.5954      4.9945      4.9941      4.9894      5.0000      4.9997      4.9961      5.0002      5.0002      5.0000      
2014-02-14     3.8925      4.2065      3.8982      5.0270      5.0851      5.0042      5.0792      5.6088      5.5975      5.6758      5.9556      6.4577      5.6018      5.6014      5.5961      4.9951      4.9944      4.9905      5.0000      4.9999      4.9968      5.0002      5.0002      5.0001      
2014-02-17     3.6220      4.0169      3.9082      4.7430      4.9764      4.9999      4.8914      5.3764      5.5896      5.5790      5.7588      6.3889      5.6012      5.6014      5.5968      4.9961      4.9949      4.9917      5.0000      4.9999      4.9973      5.0002      5.0002      5.0001      
2014-02-18     3.3306      3.8049      3.9036      4.4514      4.8399      4.9742      4.7632      5.1331      5.5876      5.4871      5.5695      6.3191      5.6011      5.6014      5.5978      4.9972      4.9955      4.9927      5.0000      5.0000      4.9977      5.0002      5.0002      5.0001      
2014-02-19     2.9962      3.6017      3.8829      4.1682      4.7178      4.9235      4.6548      5.0276      5.5848      5.4159      5.5548      6.2356      5.6008      5.6014      5.5984      4.9981      4.9961      4.9936      5.0000      5.0000      4.9981      5.0002      5.0002      5.0001      
2014-02-20     2.6586      3.3728      3.7875      3.9046      4.5472      4.7922      4.5024      4.8775      5.5153      5.3341      5.5368      6.1230      5.5993      5.6010      5.5988      4.9988      4.9967      4.9943      5.0000      5.0000      4.9985      5.0001      5.0002      5.0001      
2014-02-21     2.3558      3.1242      3.6937      3.7364      4.3817      4.6952      4.3898      4.7345      5.4372      5.2707      5.4733      6.0105      5.5947      5.5983      5.5981      4.9994      4.9973      4.9949      5.0000      5.0000      4.9988      5.0001      5.0002      5.0001      
2014-02-24     2.1056      2.8638      3.5949      3.6284      4.1857      4.6010      4.2872      4.5893      5.3577      5.1913      5.3852      5.9114      5.5880      5.5946      5.5968      4.9997      4.9979      4.9955      5.0000      5.0000      4.9991      5.0001      5.0002      5.0001      
2014-02-25     1.9136      2.6221      3.4959      3.5354      3.9934      4.5002      4.1216      4.4424      5.2513      5.0354      5.2613      5.8019      5.5797      5.5904      5.5951      4.9999      4.9985      4.9960      5.0000      5.0000      4.9994      5.0001      5.0002      5.0001      
2014-02-26     1.7830      2.3896      3.3974      3.3974      3.7828      4.4314      3.9504      4.3026      5.1041      4.8653      5.1406      5.6833      5.5680      5.5844      5.5924      4.9999      4.9990      4.9964      5.0000      5.0000      4.9997      5.0001      5.0002      5.0001      
2014-02-27     1.7368      2.1977      3.2649      3.3428      3.6237      4.3670      3.8728      4.1876      4.9747      4.6949      5.0145      5.5519      5.5560      5.5777      5.5894      4.9999      4.9994      4.9967      5.0000      5.0000      4.9998      5.0001      5.0001      5.0001      
2014-02-28     1.7532      2.0545      3.1305      3.3296      3.5330      4.3090      3.8234      4.1066      4.8577      4.5229      4.8968      5.4262      5.5463      5.5705      5.5859      5.0000      4.9997      4.9971      5.0000      5.0000      4.9999      5.0001      5.0001      5.0001      
2014-03-03     1.8302      1.9679      2.9924      3.2260      3.4272      4.2018      3.7762      4.0317      4.7041      4.3817      4.7865      5.2727      5.5368      5.5624      5.5819      5.0000      4.9999      4.9974      5.0000      5.0000      5.0000      5.0001      5.0001      5.0001      
2014-03-04     1.9028      1.9082      2.8565      3.2731      3.4043      4.1221      3.7740      3.9478      4.5405      4.3509      4.6932      5.1313      5.5281      5.5539      5.5777      5.0000      4.9999      4.9977      5.0000      5.0000      5.0000      5.0001      5.0001      5.0001      
2014-03-05     1.9708      1.8769      2.7393      3.4183      3.4079      4.0628      3.7696      3.8600      4.4438      4.3522      4.6088      5.0818      5.5219      5.5450      5.5732      5.0000      5.0000      4.9980      5.0000      5.0000      5.0000      5.0001      5.0001      5.0001      
2014-03-06     2.0317      1.8843      2.6285      3.2295      3.2862      3.9167      3.7698      3.8213      4.3494      4.4066      4.5508      5.0438      5.5160      5.5360      5.5685      5.0000      5.0000      4.9983      5.0000      5.0000      5.0000      5.0001      5.0001      5.0001      
2014-03-07     2.0615      1.9073      2.5157      3.0043      3.1670      3.7743      3.6296      3.7265      4.2305      4.4606      4.4918      4.9825      5.5110      5.5287      5.5635      5.0000      5.0000      4.9986      5.0000      5.0000      5.0000      5.0001      5.0001      5.0001      
2014-03-10     2.0283      1.9292      2.3965      2.9117      3.0689      3.6273      3.4078      3.5920      4.0907      4.5230      4.4524      4.9188      5.5076      5.5222      5.5584      5.0000      5.0000      4.9990      5.0000      5.0000      5.0000      5.0001      5.0001      5.0001      
2014-03-11     1.9863      1.9445      2.2833      2.6606      2.9669      3.4801      3.1068      3.4404      3.9414      4.5086      4.4298      4.8455      5.5047      5.5164      5.5534      5.0000      5.0000      4.9993      5.0000      5.0000      5.0000      5.0001      5.0001      5.0001      
2014-03-12     1.9483      1.9595      2.1746      2.3432      2.8808      3.3318      2.7884      3.2790      3.7908      4.3930      4.3726      4.7566      5.5026      5.5122      5.5483      5.0000      5.0000      4.9995      5.0000      5.0000      5.0000      5.0000      5.0001      5.0001      
2014-03-13     1.9294      1.9805      2.0891      2.3460      2.7878      3.2057      2.4914      3.1306      3.6591      4.2310      4.3188      4.6667      5.5012      5.5086      5.5431      5.0000      5.0000      4.9997      5.0000      5.0000      5.0000      5.0000      5.0001      5.0001      
2014-03-14     1.9057      1.9836      2.0190      2.3708      2.6876      3.1103      2.4026      3.0161      3.5614      4.0874      4.2740      4.5854      5.5004      5.5057      5.5381      5.0000      5.0000      4.9999      5.0000      5.0000      5.0000      5.0000      5.0001      5.0001      
2014-03-17     1.8957      1.9620      1.9649      2.4334      2.6726      3.0499      2.4176      2.9127      3.4722      3.9602      4.2416      4.5141      5.5000      5.5038      5.5331      5.0000      5.0000      4.9999      5.0000      5.0000      5.0000      5.0000      5.0000      5.0001      
2014-03-18     1.9311      1.9587      1.9334      2.5578      2.6092      3.0067      2.5346      2.8207      3.3843      3.9060      4.2073      4.4502      5.5000      5.5023      5.5281      5.0000      5.0000      5.0000      5.0000      5.0000      5.0000      5.0000      5.0000      5.0001      
2014-03-19     2.1116      2.0300      1.9534      2.8000      2.5716      2.9897      2.8530      2.8207      3.3404      4.0140      4.2035      4.4061      5.5000      5.5013      5.5231      5.0000      5.0000      5.0000      5.0000      5.0000      5.0000      5.0000      5.0000      5.0001      
2014-03-20     2.3218      2.1256      2.0049      2.9948      2.6704      2.9783      3.1258      2.8086      3.3150      4.1718      4.2014      4.3761      5.5000      5.5006      5.5183      5.0000      5.0000      5.0000      5.0000      5.0000      5.0000      5.0000      5.0000      5.0001      
2014-03-21     2.4465      2.1761      2.0417      3.2094      2.7901      2.9785      3.3602      2.8814      3.3040      4.3772      4.2323      4.3620      5.5000      5.5002      5.5144      5.0000      5.0000      5.0000      5.0000      5.0000      5.0000      5.0000      5.0000      5.0001      
2014-03-24     2.5727      2.2342      2.0817      3.3908      2.9121      2.9905      3.5848      3.0012      3.2966      4.6192      4.2897      4.3710      5.5000      5.5000      5.5111      5.0000      5.0000      5.0000      5.0000      5.0000      5.0000      5.0000      5.0000      5.0000      
2014-03-25     2.6627      2.2969      2.1207      3.5407      3.0493      3.0081      3.8216      3.1781      3.3093      4.8398      4.3729      4.4013      5.5000      5.5000      5.5082      5.0000      5.0000      5.0000      5.0000      5.0000      5.0000      5.0000      5.0000      5.0000      
2014-03-26     2.6062      2.3589      2.1592      3.6299      3.2150      3.0479      3.9676      3.4103      3.3447      4.9244      4.4692      4.4209      5.5000      5.5000      5.5061      5.0000      5.0000      5.0000      5.0000      5.0000      5.0000      5.0000      5.0000      5.0000      
2014-03-27     2.5356      2.4287      2.2046      3.8975      3.4462      3.1170      4.2716      3.6987      3.4147      4.9882      4.5800      4.4494      5.5000      5.5000      5.5043      5.0000      5.0000      5.0000      5.0000      5.0000      5.0000      5.0000      5.0000      5.0000      
2014-03-28     2.5856      2.5161      2.2498      4.0111      3.6103      3.1489      4.6076      3.9839      3.5000      4.9630      4.6701      4.4721      5.5000      5.5000      5.5029      5.0000      5.0000      5.0000      5.0000      5.0000      5.0000      5.0000      5.0000      5.0000      
2014-03-31     2.6456      2.6092      2.2856      4.1323      3.7616      3.2171      4.9364      4.2606      3.5867      4.8568      4.7380      4.4898      5.5000      5.5000      5.5019      5.0000      5.0000      5.0000      5.0000      5.0000      5.0000      5.0000      5.0000      5.0000      
2014-04-01     2.7188      2.6908      2.3247      4.2474      3.8941      3.2516      5.0242      4.4229      3.6218      4.7518      4.7958      4.5016      5.5000      5.5000      5.5012      5.0000      5.0000      5.0000      5.0000      5.0000      5.0000      5.0000      5.0000      5.0000      
2014-04-02     2.8048      2.7055      2.3677      4.3188      3.9744      3.2730      5.0190      4.4933      3.6570      4.7048      4.8146      4.5091      5.5000      5.5000      5.5006      5.0000      5.0000      5.0000      5.0000      5.0000      5.0000      5.0000      5.0000      5.0000      
2014-04-03     2.8632      2.6994      2.4125      4.1770      4.0373      3.3538      4.8782      4.5749      3.6918      4.6372      4.8127      4.5071      5.5000      5.5000      5.5003      5.0000      5.0000      5.0000      5.0000      5.0000      5.0000      5.0000      5.0000      5.0000      
2014-04-04     2.8658      2.7257      2.4509      3.9428      3.9770      3.3835      4.6418      4.6247      3.7531      4.6028      4.7829      4.5076      5.5000      5.5000      5.5001      5.0000      5.0000      5.0000      5.0000      5.0000      5.0000      5.0000      5.0000      5.0000      
2014-04-08     2.8484      2.7470      2.4906      3.8242      3.9783      3.4452      4.3904      4.6634      3.8323      4.5668      4.7118      4.5008      5.5000      5.5000      5.5000      5.0000      5.0000      5.0000      5.0000      5.0000      5.0000      5.0000      5.0000      5.0000      
2014-04-09     2.8232      2.7710      2.5340      3.7172      3.9823      3.5158      4.3262      4.6752      3.9267      4.5270      4.6394      4.5062      5.5000      5.5000      5.5000      5.0000      5.0000      5.0000      5.0000      5.0000      5.0000      5.0000      5.0000      5.0000      
2014-04-10     2.7812      2.7930      2.5760      3.6138      3.9663      3.5906      4.1684      4.5937      4.0020      4.4820      4.5934      4.5313      5.5000      5.5000      5.5000      5.0000      5.0000      5.0000      5.0000      5.0000      5.0000      5.0000      5.0000      5.0000      
2014-04-11     2.7412      2.8022      2.6155      3.5334      3.8552      3.6507      4.0176      4.4479      4.0733      4.4038      4.5205      4.5503      5.5000      5.5000      5.5000      5.0000      5.0000      5.0000      5.0000      5.0000      5.0000      5.0000      5.0000      5.0000      
2014-04-14     2.7164      2.7911      2.6536      3.6480      3.7954      3.7028      3.9020      4.2719      4.1279      4.3174      4.4601      4.5651      5.5000      5.5000      5.5000      5.0000      5.0000      5.0000      5.0000      5.0000      5.0000      5.0000      5.0000      5.0000      
2014-04-15     2.6636      2.7560      2.6826      3.6186      3.7214      3.7415      3.7376      4.0640      4.1623      4.2504      4.4086      4.5733      5.5000      5.5000      5.5000      5.0000      5.0000      5.0000      5.0000      5.0000      5.0000      5.0000      5.0000      5.0000      
2014-04-16     2.5752      2.6992      2.6950      3.4298      3.5735      3.7338      3.5018      3.9140      4.1685      4.1872      4.3571      4.5765      5.5000      5.5000      5.5000      5.0000      5.0000      5.0000      5.0000      5.0000      5.0000      5.0000      5.0000      5.0000      
2014-04-17     2.4634      2.6223      2.6639      3.2324      3.4231      3.6987      3.3116      3.7400      4.1167      4.1242      4.3031      4.5589      5.5000      5.5000      5.5000      5.0000      5.0000      5.0000      5.0000      5.0000      5.0000      5.0000      5.0000      5.0000      
2014-04-18     2.3134      2.5273      2.6134      3.0444      3.2889      3.6631      3.1274      3.5725      4.0737      4.0684      4.2361      4.5244      5.5000      5.5000      5.5000      5.0000      5.0000      5.0000      5.0000      5.0000      5.0000      5.0000      5.0000      5.0000      
2014-04-21     2.1816      2.4490      2.5874      2.8730      3.2605      3.6187      2.9862      3.4441      4.0344      3.9888      4.1531      4.4680      5.5000      5.5000      5.5000      5.0000      5.0000      5.0000      5.0000      5.0000      5.0000      5.0000      5.0000      5.0000      
2014-04-22     2.0770      2.3703      2.5587      2.7900      3.2043      3.5913      2.9708      3.3542      4.0088      3.9300      4.0902      4.4010      5.5000      5.5000      5.5000      5.0000      5.0000      5.0000      5.0000      5.0000      5.0000      5.0000      5.0000      5.0000      
2014-04-23     2.0100      2.2926      2.5318      2.8608      3.1453      3.5638      3.1132      3.3075      3.9914      3.9032      4.0452      4.3423      5.5000      5.5000      5.5000      5.0000      5.0000      5.0000      5.0000      5.0000      5.0000      5.0000      5.0000      5.0000      
2014-04-24     2.0344      2.2489      2.5210      3.0208      3.1266      3.5465      3.3898      3.3507      3.9722      3.9552      4.0397      4.3166      5.5000      5.5000      5.5000      5.0000      5.0000      5.0000      5.0000      5.0000      5.0000      5.0000      5.0000      5.0000      
2014-04-25     2.0964      2.2049      2.5036      3.1692      3.1068      3.4810      3.6992      3.4133      3.9306      4.0264      4.0474      4.2840      5.4980      5.4990      5.4995      5.0000      5.0000      5.0000      5.0000      5.0000      5.0000      5.0000      5.0000      5.0000      
2014-04-28     2.1816      2.1816      2.4864      3.4316      3.1523      3.4739      4.0090      3.4976      3.8848      4.1930      4.0909      4.2755      5.4976      5.4988      5.4994      5.0000      5.0000      5.0000      5.0000      5.0000      5.0000      5.0000      5.0000      5.0000      
2014-04-29     2.3172      2.1971      2.4766      3.6406      3.2153      3.4683      4.3238      3.6473      3.8557      4.3500      4.1400      4.2743      5.4976      5.4988      5.4994      5.0000      5.0000      5.0000      5.0000      5.0000      5.0000      5.0000      5.0000      5.0000      
2014-04-30     2.4246      2.2173      2.4583      3.8514      3.3561      3.4648      4.4160      3.7646      3.8393      4.4806      4.1919      4.2745      5.4966      5.4983      5.4992      5.0000      5.0000      5.0000      5.0000      5.0000      5.0000      5.0000      5.0000      5.0000      
2014-05-04     2.4440      2.2392      2.4308      3.8838      3.4523      3.4377      4.3282      3.8590      3.7995      4.5166      4.2359      4.2695      5.4930      5.4965      5.4983      5.0000      5.0000      5.0000      5.0000      5.0000      5.0000      5.0000      5.0000      5.0000      
2014-05-05     2.4560      2.2762      2.4018      3.8112      3.4902      3.3895      4.0940      3.8966      3.7346      4.4710      4.2487      4.2424      5.4881      5.4931      5.4965      5.0000      5.0000      5.0000      5.0000      5.0000      5.0000      5.0000      5.0000      5.0000      
2014-05-06     2.4488      2.3152      2.3821      3.6246      3.5281      3.3943      3.8170      3.9130      3.6786      4.3392      4.2661      4.2096      5.4780      5.4878      5.4939      5.0000      5.0000      5.0000      5.0000      5.0000      5.0000      5.0000      5.0000      5.0000      
2014-05-07     2.4020      2.3596      2.3650      3.4323      3.5364      3.3704      3.4584      3.8911      3.6227      4.1970      4.2735      4.1819      5.4613      5.4795      5.4897      5.0000      5.0000      5.0000      5.0000      5.0000      5.0000      5.0000      5.0000      5.0000      
2014-05-08     2.3480      2.3863      2.3395      3.2463      3.5488      3.3471      3.2444      3.8302      3.5689      4.0342      4.2574      4.1513      5.4422      5.4694      5.4847      5.0000      5.0000      5.0000      5.0000      5.0000      5.0000      5.0000      5.0000      5.0000      
2014-05-09     2.3121      2.3781      2.3135      3.1485      3.5161      3.3214      3.1270      3.7276      3.5392      3.8888      4.2027      4.1212      5.4239      5.4585      5.4792      5.0000      5.0000      5.0000      5.0000      5.0000      5.0000      5.0000      5.0000      5.0000      
2014-05-12     2.2808      2.3684      2.2867      3.1565      3.4838      3.2953      3.1350      3.6145      3.5139      3.8092      4.1401      4.0938      5.4061      5.4471      5.4731      5.0000      5.0000      5.0000      5.0000      5.0000      5.0000      5.0000      5.0000      5.0000      
2014-05-13     2.2768      2.3628      2.2722      3.1743      3.3994      3.2759      3.1534      3.4852      3.4914      3.7444      4.0418      4.0664      5.3849      5.4315      5.4651      5.0000      5.0000      5.0000      5.0000      5.0000      5.0000      5.0000      5.0000      5.0000      
2014-05-14     2.2761      2.3391      2.2681      3.1990      3.3157      3.2655      3.1816      3.3200      3.4836      3.6815      3.9393      4.0396      5.3655      5.4134      5.4561      5.0000      5.0000      5.0000      5.0000      5.0000      5.0000      5.0000      5.0000      5.0000      
2014-05-15     2.3001      2.3241      2.2707      3.1853      3.2158      3.2859      3.2008      3.2226      3.4936      3.6537      3.8440      4.0179      5.3390      5.3906      5.4445      5.0000      5.0000      5.0000      5.0000      5.0000      5.0000      5.0000      5.0000      5.0000      
2014-05-16     2.3300      2.3211      2.2801      3.1723      3.1604      3.3063      3.2020      3.1645      3.5117      3.6371      3.7630      3.9994      5.3092      5.3666      5.4315      5.0000      5.0000      5.0000      5.0000      5.0000      5.0000      5.0020      5.0010      5.0005      
2014-05-19     2.3665      2.3237      2.2999      3.1563      3.1564      3.3233      3.1887      3.1619      3.5292      3.6523      3.7308      3.9897      5.2767      5.3414      5.4173      5.0000      5.0000      5.0000      5.0000      5.0000      5.0000      5.0042      5.0021      5.0011      
2014-05-20     2.3819      2.3294      2.3223      3.1923      3.1833      3.3557      3.2546      3.2040      3.5585      3.7479      3.7462      4.0061      5.2439      5.3144      5.4011      5.0000      5.0000      5.0000      5.0000      5.0000      5.0000      5.0048      5.0024      5.0012      
2014-05-21     2.4142      2.3452      2.3524      3.2157      3.2074      3.3719      3.3930      3.2873      3.5892      3.8744      3.7780      4.0257      5.2042      5.2849      5.3822      5.0000      5.0000      5.0000      5.0000      5.0000      5.0000      5.0053      5.0027      5.0013      
2014-05-22     2.4462      2.3732      2.3797      3.2724      3.2289      3.3888      3.5364      3.3686      3.5994      3.9848      3.8193      4.0383      5.1696      5.2543      5.3619      5.0000      5.0000      5.0000      5.0000      5.0000      5.0000      5.0056      5.0028      5.0014      
2014-05-23     2.4782      2.4041      2.3911      3.3276      3.2500      3.3830      3.6926      3.4473      3.5874      4.0605      3.8488      4.0258      5.1348      5.2220      5.3402      5.0000      5.0000      5.0000      5.0000      5.0000      5.0000      5.0039      5.0029      5.0015      
2014-05-26     2.4995      2.4330      2.4007      3.3466      3.2515      3.3676      3.8306      3.5097      3.5621      4.1333      3.8928      4.0165      5.1002      5.1885      5.3178      5.0000      5.0000      5.0000      5.0000      5.0000      5.0000      5.0019      5.0031      5.0015      
2014-05-27     2.5223      2.4521      2.4075      3.3238      3.2581      3.3287      3.7928      3.5237      3.5044      4.1143      3.9311      3.9865      5.0687      5.1563      5.2939      5.0000      5.0000      5.0000      5.0000      5.0000      5.0000      5.0013      5.0031      5.0015      
2014-05-28     2.5187      2.4665      2.4028      3.2932      3.2545      3.2851      3.6738      3.5334      3.4267      4.0623      3.9684      3.9538      5.0398      5.1220      5.2677      5.0000      5.0000      5.0000      5.0000      5.0000      5.0000      5.0008      5.0031      5.0015      
2014-05-29     2.5187      2.4825      2.4033      3.2524      3.2624      3.2391      3.5598      3.5481      3.3853      3.9971      3.9910      3.9175      5.0094      5.0895      5.2401      4.9998      4.9999      5.0000      5.0000      5.0000      5.0000      5.0006      5.0031      5.0015      
2014-05-30     2.5267      2.5025      2.4118      3.2174      3.2725      3.2165      3.4430      3.5678      3.3661      3.9556      4.0081      3.8855      4.9809      5.0579      5.2122      4.9998      4.9999      4.9999      5.0000      5.0000      5.0000      5.0003      5.0021      5.0015      
2014-06-03     2.5304      2.5150      2.4193      3.2144      3.2805      3.2185      3.3546      3.5926      3.3772      3.8788      4.0061      3.8684      4.9493      5.0247      5.1831      4.9989      4.9995      4.9997      4.9996      4.9998      4.9999      5.0001      5.0010      5.0015      
2014-06-04     2.5344      2.5284      2.4289      3.1954      3.2596      3.2215      3.3434      3.5681      3.3860      3.8650      3.9897      3.8679      4.9163      4.9925      5.1535      4.9963      4.9981      4.9991      4.9989      4.9995      4.9997      5.0000      5.0007      5.0015      
2014-06-05     2.5476      2.5332      2.4392      3.1694      3.2313      3.2193      3.3670      3.5204      3.4038      3.8526      3.9575      3.8677      4.8888      4.9643      5.1246      4.9909      4.9955      4.9977      4.9983      4.9991      4.9996      5.0000      5.0004      5.0015      
2014-06-06     2.5618      2.5402      2.4567      3.1564      3.2044      3.2166      3.3856      3.4727      3.4206      3.8740      3.9356      3.8774      4.8656      4.9375      5.0959      4.9833      4.9916      4.9958      4.9975      4.9987      4.9994      5.0000      5.0003      5.0015      
2014-06-09     2.5638      2.5452      2.4747      3.1364      3.1769      3.2134      3.3524      3.3977      3.4225      3.9340      3.9448      3.8968      4.8443      4.9126      5.0673      4.9754      4.9876      4.9938      4.9962      4.9981      4.9991      5.0000      5.0002      5.0015      
2014-06-10     2.5736      2.5520      2.4925      3.1264      3.1704      3.2109      3.3028      3.3287      3.4192      4.0226      3.9507      3.9218      4.8296      4.8894      5.0389      4.9686      4.9837      4.9919      4.9955      4.9976      4.9988      5.0000      5.0000      5.0015      
2014-06-11     2.5798      2.5571      2.5046      3.1260      3.1607      3.2094      3.2806      3.3120      3.4178      4.1126      3.9888      3.9600      4.8174      4.8669      5.0116      4.9633      4.9798      4.9899      4.9947      4.9968      4.9984      5.0000      5.0000      5.0015      
2014-06-12     2.5840      2.5658      2.5161      3.1428      3.1561      3.2053      3.2410      3.3040      3.4187      4.2808      4.0667      4.0175      4.8068      4.8478      4.9849      4.9607      4.9758      4.9879      4.9939      4.9961      4.9980      5.0000      5.0000      5.0015      
2014-06-13     2.5878      2.5748      2.5286      3.1208      3.1386      3.2005      3.2044      3.2950      3.4215      4.4468      4.1604      4.0757      4.7975      4.8316      4.9605      4.9605      4.9719      4.9859      4.9934      4.9954      4.9977      5.0000      5.0000      5.0015      
2014-06-16     2.5918      2.5778      2.5401      3.0960      3.1162      3.1944      3.2202      3.2863      3.4270      4.6262      4.2801      4.1441      4.7894      4.8168      4.9373      4.9586      4.9670      4.9835      4.9924      4.9943      4.9972      5.0000      5.0000      5.0010      
2014-06-17     2.5978      2.5857      2.5503      3.0762      3.1013      3.1909      3.3074      3.3051      3.4489      4.7826      4.4026      4.2043      4.7840      4.8068      4.9158      4.9533      4.9609      4.9802      4.9908      4.9932      4.9965      5.0000      5.0000      5.0005      
2014-06-18     2.6072      2.5935      2.5609      3.0610      3.0935      3.1766      3.5650      3.4228      3.4955      4.9008      4.5067      4.2482      4.7805      4.7989      4.8957      4.9467      4.9550      4.9766      4.9892      4.9919      4.9957      5.0000      5.0000      5.0003      
2014-06-19     2.6274      2.6057      2.5694      3.0488      3.0958      3.1636      3.7210      3.4810      3.5007      5.0036      4.6422      4.2998      4.7771      4.7919      4.8781      4.9390      4.9498      4.9727      4.9868      4.9903      4.9947      5.0000      5.0000      5.0002      
2014-06-20     2.6592      2.6235      2.5819      3.1212      3.1210      3.1627      3.9848      3.5946      3.5337      5.1278      4.7873      4.3614      4.7762      4.7869      4.8622      4.9298      4.9451      4.9684      4.9840      4.9887      4.9937      5.0000      5.0000      5.0001      
2014-06-23     2.6902      2.6410      2.5931      3.2096      3.1528      3.1649      4.2580      3.7391      3.5684      5.2214      4.9238      4.4343      4.7759      4.7827      4.8476      4.9223      4.9405      4.9640      4.9817      4.9871      4.9926      5.0000      5.0000      5.0001      
2014-06-24     2.7644      2.6811      2.6165      3.3000      3.1881      3.1793      4.4838      3.8956      3.6122      5.3608      5.0717      4.5112      4.7730      4.7785      4.8340      4.9170      4.9351      4.9594      4.9793      4.9851      4.9913      5.0000      5.0000      5.0000      
2014-06-25     2.8356      2.7214      2.6392      3.3780      3.2195      3.1901      4.5936      4.0793      3.6957      5.4648      5.1828      4.5858      4.7693      4.7749      4.8209      4.9126      4.9297      4.9547      4.9769      4.9831      4.9899      5.0000      5.0000      5.0000      
2014-06-26     2.8908      2.7591      2.6624      3.4698      3.2593      3.2077      4.8170      4.2690      3.7865      5.4252      5.2144      4.6406      4.7650      4.7711      4.8094      4.9090      4.9240      4.9499      4.9744      4.9806      4.9883      5.0000      5.0000      5.0000      
2014-06-27     2.9160      2.7876      2.6812      3.5456      3.3334      3.2360      4.9382      4.4615      3.8783      5.3406      5.2342      4.6973      4.7596      4.7679      4.7997      4.9064      4.9181      4.9450      4.9717      4.9779      4.9866      5.0000      5.0000      5.0000      
2014-06-30     2.9476      2.8189      2.6983      3.6294      3.4195      3.2679      5.0964      4.6772      3.9818      5.2362      5.2288      4.7545      4.7544      4.7652      4.7910      4.9038      4.9131      4.9400      4.9694      4.9756      4.9849      5.0000      5.0000      5.0000      
2014-07-01     2.9568      2.8606      2.7231      3.8170      3.5585      3.3299      5.0992      4.7915      4.0483      5.1088      5.2348      4.8187      4.7508      4.7619      4.7843      4.9023      4.9096      4.9353      4.9675      4.9734      4.9833      5.0000      5.0000      5.0000      
2014-07-02     2.9618      2.8987      2.7461      3.9096      3.6438      3.3687      4.9050      4.7493      4.0861      4.9886      5.2267      4.8667      4.7492      4.7592      4.7791      4.9011      4.9069      4.9309      4.9665      4.9717      4.9818      5.0000      5.0000      5.0000      
2014-07-03     2.9590      2.9249      2.7653      3.8778      3.6738      3.3848      4.5756      4.6963      4.0887      4.8080      5.1166      4.8794      4.7496      4.7573      4.7746      4.9005      4.9047      4.9273      4.9660      4.9702      4.9803      5.0000      5.0000      5.0000      
2014-07-04     2.9700      2.9430      2.7833      3.8056      3.6756      3.3983      4.2388      4.5885      4.0916      4.6182      4.9794      4.8834      4.7500      4.7548      4.7708      4.9003      4.9033      4.9242      4.9658      4.9688      4.9787      5.0000      5.0000      5.0000      
2014-07-07     2.9778      2.9627      2.8019      3.7164      3.6729      3.4129      3.8492      4.4728      4.1060      4.4268      4.8315      4.8777      4.7499      4.7521      4.7674      4.9001      4.9020      4.9212      4.9655      4.9674      4.9772      5.0000      5.0000      5.0000      
2014-07-08     3.0250      2.9909      2.8360      3.5362      3.6766      3.4324      3.6634      4.3813      4.1385      4.2358      4.6723      4.8720      4.7499      4.7504      4.7644      4.9000      4.9012      4.9181      4.9645      4.9660      4.9756      5.0000      5.0000      5.0000      
2014-07-09     3.0912      3.0265      2.8740      3.4980      3.7038      3.4617      3.6502      4.2776      4.1785      4.0776      4.5331      4.8580      4.7497      4.7494      4.7622      4.9000      4.9006      4.9151      4.9636      4.9651      4.9741      5.0000      5.0000      5.0000      
2014-07-10     3.1592      3.0591      2.9091      3.5616      3.7197      3.4895      3.7640      4.1698      4.2194      4.0821      4.4451      4.8297      4.7485      4.7490      4.7600      4.9000      4.9002      4.9121      4.9627      4.9644      4.9725      5.0000      5.0000      5.0000      
2014-07-11     3.2282      3.0991      2.9434      3.6222      3.7139      3.5237      3.8946      4.0667      4.2641      4.1021      4.3602      4.7972      4.7469      4.7484      4.7582      4.9000      4.9001      4.9091      4.9620      4.9639      4.9709      5.0000      5.0000      5.0000      
2014-07-14     3.2888      3.1333      2.9761      3.6787      3.6976      3.5585      4.0652      3.9572      4.3172      4.1553      4.2911      4.7599      4.7462      4.7481      4.7566      4.9000      4.9001      4.9066      4.9615      4.9635      4.9695      5.0000      5.0000      5.0000      
2014-07-15     3.2818      3.1534      3.0070      3.7039      3.6201      3.5893      4.1448      3.9041      4.3478      4.2295      4.2327      4.7337      4.7459      4.7479      4.7549      4.9000      4.9000      4.9048      4.9618      4.9631      4.9683      5.0000      5.0000      5.0000      
2014-07-16     3.2610      3.1761      3.0374      3.6867      3.5924      3.6181      4.2184      3.9343      4.3418      4.3079      4.1928      4.7097      4.7459      4.7478      4.7535      4.9000      4.9000      4.9034      4.9614      4.9625      4.9671      5.0000      5.0000      5.0000      
2014-07-17     3.2503      3.2048      3.0648      3.6727      3.6172      3.6455      4.2846      4.0243      4.3603      4.3946      4.2384      4.6775      4.7461      4.7473      4.7523      4.9000      4.9000      4.9024      4.9615      4.9621      4.9662      5.0000      5.0000      5.0000      
2014-07-18     3.2423      3.2353      3.0891      3.6583      3.6403      3.6579      4.4516      4.1731      4.3808      4.5080      4.3051      4.6422      4.7470      4.7469      4.7509      4.9000      4.9000      4.9017      4.9615      4.9618      4.9653      5.0000      5.0000      5.0000      
2014-07-21     3.2549      3.2719      3.1173      3.6564      3.6676      3.6702      4.5900      4.3276      4.4002      4.6514      4.4034      4.6174      4.7471      4.7467      4.7494      4.9000      4.9000      4.9010      4.9613      4.9614      4.9644      5.0000      5.0000      5.0000      
2014-07-22     3.2619      3.2719      3.1314      3.6968      3.7004      3.6885      4.7858      4.4653      4.4233      4.7910      4.5103      4.5913      4.7467      4.7463      4.7483      4.9000      4.9000      4.9006      4.9610      4.9614      4.9637      5.0000      5.0000      5.0000      
2014-07-23     3.2715      3.2663      3.1464      3.8072      3.7470      3.7254      4.9376      4.5780      4.4278      4.9468      4.6274      4.5802      4.7474      4.7467      4.7480      4.9000      4.9000      4.9003      4.9610      4.9612      4.9631      5.0000      5.0000      5.0000      
2014-07-24     3.2848      3.2676      3.1633      3.8992      3.7860      3.7528      5.1122      4.6984      4.4341      5.0848      4.7397      4.5924      4.7478      4.7469      4.7480      4.9000      4.9000      4.9001      4.9607      4.9611      4.9628      5.0000      5.0000      5.0000      
2014-07-25     3.3054      3.2739      3.1865      3.9852      3.8218      3.7678      5.0788      4.7652      4.4160      5.1288      4.8184      4.5893      4.7477      4.7474      4.7479      4.9000      4.9000      4.9001      4.9605      4.9610      4.9624      5.0000      5.0000      5.0000      
2014-07-28     3.3026      3.2788      3.2060      4.0490      3.8527      3.7751      5.0062      4.7981      4.3777      5.0024      4.8269      4.5590      4.7477      4.7474      4.7477      4.9000      4.9000      4.9000      4.9604      4.9608      4.9622      5.0000      5.0000      5.0000      
2014-07-29     3.3021      3.2820      3.2177      4.0608      3.8788      3.7494      4.8944      4.8401      4.3721      4.8076      4.7993      4.5160      4.7462      4.7464      4.7472      4.9000      4.9000      4.9000      4.9603      4.9607      4.9619      5.0000      5.0000      5.0000      
2014-07-30     3.2931      3.2823      3.2292      4.0032      3.9052      3.7488      4.7694      4.8535      4.3939      4.5822      4.7645      4.4786      4.7420      4.7447      4.7463      4.9000      4.9000      4.9000      4.9600      4.9605      4.9615      5.0000      5.0000      5.0000      
2014-07-31     3.2713      3.2781      3.2414      3.9790      3.9391      3.7781      4.5106      4.8114      4.4179      4.3666      4.7257      4.4820      4.7370      4.7424      4.7448      4.9000      4.9000      4.9000      4.9597      4.9602      4.9612      5.0000      5.0000      5.0000      
2014-08-01     3.2409      3.2732      3.2542      3.9442      3.9647      3.8025      4.3558      4.7173      4.4452      4.2186      4.6737      4.4894      4.7307      4.7392      4.7431      4.9000      4.9000      4.9000      4.9588      4.9596      4.9607      5.0000      5.0000      5.0000      
2014-08-04     3.2165      3.2596      3.2657      3.9100      3.9795      3.8235      4.2474      4.6268      4.4772      4.1600      4.5812      4.4923      4.7230      4.7354      4.7410      4.9000      4.9000      4.9000      4.9578      4.9591      4.9602      5.0000      5.0000      5.0000      
2014-08-05     3.1954      3.2488      3.2603      3.8762      3.9685      3.8344      4.1270      4.5107      4.4880      4.1430      4.4753      4.4928      4.7162      4.7312      4.7388      4.8998      4.8999      4.9000      4.9566      4.9584      4.9599      5.0000      5.0000      5.0000      
2014-08-06     3.1556      3.2244      3.2453      3.8052      3.9042      3.8256      4.0180      4.3937      4.4858      4.1350      4.3586      4.4930      4.7095      4.7258      4.7362      4.8988      4.8994      4.8997      4.9549      4.9575      4.9593      5.0000      5.0000      5.0000      
2014-08-07     3.1228      3.1971      3.2323      3.7114      3.8452      3.8156      4.0176      4.2641      4.4812      4.1272      4.2469      4.4933      4.7040      4.7205      4.7337      4.8968      4.8984      4.8992      4.9530      4.9563      4.9587      5.0000      5.0000      5.0000      
2014-08-08     3.0838      3.1624      3.2181      3.6214      3.7828      3.8023      3.9468      4.1513      4.4582      4.1054      4.1620      4.4902      4.6995      4.7151      4.7312      4.8950      4.8975      4.8988      4.9511      4.9549      4.9580      5.0000      5.0000      5.0000      
2014-08-11     3.0384      3.1275      3.2031      3.5370      3.7235      3.7881      3.8528      4.0501      4.4241      4.1176      4.1388      4.4829      4.6962      4.7096      4.7285      4.8933      4.8967      4.8983      4.9494      4.9536      4.9572      5.0000      5.0000      5.0000      
2014-08-12     2.9926      3.0940      3.1880      3.4674      3.6718      3.7753      3.7704      3.9487      4.3944      4.1372      4.1401      4.4697      4.6933      4.7048      4.7256      4.8916      4.8957      4.8979      4.9477      4.9522      4.9564      5.0000      5.0000      5.0000      
2014-08-13     2.9608      3.0582      3.1703      3.4276      3.6164      3.7608      3.6902      3.8541      4.3538      4.1604      4.1477      4.4561      4.6913      4.7004      4.7226      4.8900      4.8944      4.8972      4.9464      4.9507      4.9556      5.0000      5.0000      5.0000      
2014-08-14     2.9304      3.0266      3.1523      3.3960      3.5537      3.7464      3.6144      3.8160      4.3137      4.1748      4.1510      4.4384      4.6892      4.6966      4.7195      4.8890      4.8929      4.8965      4.9444      4.9487      4.9545      5.0000      5.0000      5.0000      
2014-08-15     2.9080      2.9959      3.1345      3.3738      3.4976      3.7312      3.5776      3.7622      4.2397      4.1894      4.1474      4.4106      4.6870      4.6932      4.7162      4.8877      4.8914      4.8957      4.9429      4.9470      4.9533      5.0000      5.0000      5.0000      
2014-08-18     2.8886      2.9635      3.1115      3.3450      3.4410      3.7103      3.5564      3.7046      4.1657      4.2182      4.1679      4.3746      4.6847      4.6905      4.7129      4.8856      4.8895      4.8947      4.9412      4.9453      4.9522      5.0000      5.0000      5.0000      
2014-08-19     2.8724      2.9325      3.0906      3.3144      3.3909      3.6797      3.5346      3.6525      4.0816      4.2600      4.1986      4.3370      4.6825      4.6879      4.7095      4.8835      4.8876      4.8937      4.9397      4.9437      4.9511      5.0000      5.0000      5.0000      
2014-08-20     2.8606      2.9107      3.0675      3.2916      3.3596      3.6319      3.5112      3.6007      3.9972      4.2732      4.2168      4.2877      4.6809      4.6861      4.7059      4.8821      4.8861      4.8927      4.9386      4.9425      4.9500      5.0000      5.0000      5.0000      
2014-08-21     2.8526      2.8915      3.0443      3.2834      3.3397      3.5925      3.5876      3.6010      3.9325      4.2742      4.2245      4.2357      4.6799      4.6846      4.7025      4.8811      4.8851      4.8917      4.9388      4.9416      4.9490      5.0000      5.0000      5.0000      
2014-08-22     2.8434      2.8757      3.0190      3.2880      3.3309      3.5569      3.6742      3.6259      3.8886      4.2802      4.2348      4.1984      4.6790      4.6830      4.6990      4.8802      4.8840      4.8907      4.9390      4.9410      4.9480      5.0000      5.0000      5.0000      
2014-08-25     2.8400      2.8643      2.9959      3.3054      3.3252      3.5244      3.7494      3.6529      3.8515      4.2580      4.2381      4.1884      4.6781      4.6814      4.6955      4.8800      4.8828      4.8897      4.9393      4.9402      4.9469      5.0000      5.0000      5.0000      
2014-08-26     2.8376      2.8550      2.9745      3.3216      3.3180      3.4949      3.8292      3.6819      3.8153      4.2254      4.2427      4.1914      4.6761      4.6793      4.6920      4.8786      4.8811      4.8884      4.9389      4.9393      4.9457      5.0000      5.0000      5.0000      
2014-08-27     2.8432      2.8519      2.9551      3.3422      3.3169      3.4667      3.9334      3.7223      3.7882      4.2038      4.2385      4.1931      4.6737      4.6773      4.6888      4.8772      4.8797      4.8870      4.9384      4.9385      4.9446      5.0000      5.0000      5.0000      
2014-08-28     2.8488      2.8507      2.9387      3.3874      3.3354      3.4446      3.9474      3.7675      3.7917      4.1828      4.2285      4.1897      4.6717      4.6758      4.6862      4.8757      4.8784      4.8857      4.9379      4.9383      4.9435      5.0000      5.0000      5.0000      
2014-08-29     2.8618      2.8526      2.9243      3.4480      3.3680      3.4328      3.9988      3.8365      3.7993      4.1648      4.2225      4.1849      4.6696      4.6743      4.6838      4.8742      4.8772      4.8843      4.9372      4.9381      4.9426      5.0000      5.0000      5.0000      
2014-09-01     2.8748      2.8574      2.9105      3.4922      3.3988      3.4199      4.0450      3.8972      3.8009      4.1364      4.1972      4.1825      4.6678      4.6729      4.6817      4.8726      4.8763      4.8829      4.9368      4.9380      4.9417      5.0000      5.0000      5.0000      
2014-09-02     2.8796      2.8586      2.8956      3.5306      3.4261      3.4085      4.0660      3.9476      3.8000      4.1156      4.1705      4.1845      4.6669      4.6715      4.6797      4.8722      4.8754      4.8815      4.9368      4.9378      4.9408      5.0000      5.0000      5.0000      
2014-09-03     2.8722      2.8577      2.8842      3.5390      3.4406      3.4001      4.0224      3.9779      3.7893      4.0866      4.1452      4.1810      4.6664      4.6700      4.6781      4.8698      4.8735      4.8798      4.9359      4.9372      4.9399      5.0000      5.0000      5.0000      
2014-09-04     2.8600      2.8544      2.8730      3.4864      3.4369      3.3883      3.9354      3.9414      3.7712      4.0540      4.1184      4.1714      4.6652      4.6685      4.6765      4.8681      4.8719      4.8785      4.9353      4.9366      4.9391      5.0000      5.0000      5.0000      
2014-09-05     2.8398      2.8508      2.8633      3.3896      3.4188      3.3749      3.7950      3.8969      3.7614      4.0242      4.0945      4.1646      4.6628      4.6662      4.6746      4.8662      4.8702      4.8771      4.9345      4.9359      4.9384      5.0000      5.0000      5.0000      
2014-09-09     2.8218      2.8483      2.8563      3.3032      3.3977      3.3615      3.6530      3.8490      3.7509      3.9988      4.0676      4.1528      4.6600      4.6639      4.6726      4.8646      4.8686      4.8757      4.9336      4.9352      4.9377      5.0000      5.0000      5.0000      
2014-09-10     2.8202      2.8499      2.8525      3.2334      3.3820      3.3500      3.5396      3.8028      3.7423      3.9580      4.0368      4.1397      4.6568      4.6619      4.6706      4.8616      4.8669      4.8740      4.9324      4.9346      4.9369      5.0000      5.0000      5.0000      
2014-09-11     2.8272      2.8497      2.8508      3.1958      3.3674      3.3422      3.4674      3.7449      3.7336      3.9326      4.0096      4.1240      4.6522      4.6593      4.6683      4.8610      4.8654      4.8725      4.9323      4.9341      4.9363      5.0000      5.0000      5.0000      
2014-09-12     2.8348      2.8474      2.8491      3.1878      3.3371      3.3363      3.4328      3.6841      3.7258      3.9370      3.9955      4.1120      4.6479      4.6566      4.6662      4.8592      4.8636      4.8710      4.9316      4.9334      4.9359      5.0000      5.0000      5.0000      
2014-09-15     2.8436      2.8417      2.8472      3.1990      3.2943      3.3312      3.4226      3.6088      3.7226      3.9456      3.9849      4.1037      4.6450      4.6539      4.6641      4.8571      4.8616      4.8694      4.9311      4.9328      4.9355      5.0000      5.0000      5.0000      
2014-09-16     2.8510      2.8364      2.8469      3.2186      3.2609      3.3299      3.4402      3.5466      3.7219      3.9624      3.9806      4.0889      4.6416      4.6508      4.6618      4.8550      4.8598      4.8680      4.9306      4.9321      4.9351      5.0000      5.0000      5.0000      
2014-09-17     2.8526      2.8364      2.8475      3.2438      3.2386      3.3324      3.4612      3.5004      3.7240      3.9960      3.9770      4.0737      4.6376      4.6472      4.6594      4.8543      4.8580      4.8667      4.9305      4.9315      4.9346      5.0000      5.0000      5.0000      
2014-09-18     2.8490      2.8381      2.8479      3.2632      3.2295      3.3351      3.4840      3.4757      3.7268      4.0508      3.9917      4.0684      4.6333      4.6427      4.6564      4.8520      4.8565      4.8650      4.9293      4.9308      4.9340      4.9998      4.9999      5.0000      
2014-09-19     2.8464      2.8406      2.8475      3.2762      3.2320      3.3345      3.5062      3.4695      3.7054      4.1144      4.0257      4.0720      4.6263      4.6371      4.6528      4.8495      4.8543      4.8631      4.9278      4.9297      4.9331      4.9993      4.9997      4.9998      
2014-09-22     2.8356      2.8396      2.8452      3.2670      3.2330      3.3259      3.5046      3.4636      3.6802      4.1682      4.0569      4.0757      4.6181      4.6316      4.6489      4.8455      4.8513      4.8607      4.9251      4.9281      4.9320      4.9986      4.9993      4.9997      
2014-09-23     2.8082      2.8296      2.8390      3.2392      3.2289      3.3133      3.4634      3.4518      3.6504      4.1850      4.0737      4.0707      4.6086      4.6251      4.6445      4.8393      4.8471      4.8579      4.9210      4.9258      4.9305      4.9971      4.9986      4.9993      
2014-09-24     2.7770      2.8148      2.8324      3.2102      3.2270      3.3045      3.4038      3.4325      3.6176      4.1730      4.0845      4.0607      4.5975      4.6175      4.6397      4.8323      4.8433      4.8551      4.9161      4.9233      4.9290      4.9954      4.9977      4.9989      
2014-09-25     2.7442      2.7966      2.8232      3.2012      3.2322      3.2998      3.3850      3.4345      3.5897      4.1366      4.0937      4.0517      4.5857      4.6095      4.6344      4.8245      4.8383      4.8519      4.9113      4.9203      4.9272      4.9939      4.9969      4.9984      
2014-09-26     2.7118      2.7791      2.8133      3.2014      3.2388      3.2880      3.3632      3.4347      3.5594      4.0770      4.0957      4.0456      4.5756      4.6010      4.6288      4.8164      4.8330      4.8483      4.9067      4.9173      4.9254      4.9925      4.9959      4.9980      
2014-09-28     2.6840      2.7598      2.8008      3.1764      3.2217      3.2580      3.3184      3.4115      3.5102      4.0330      4.1006      4.0428      4.5665      4.5923      4.6231      4.8100      4.8277      4.8447      4.9034      4.9143      4.9235      4.9915      4.9951      4.9975      
2014-09-29     2.6494      2.7288      2.7826      3.1352      3.1872      3.2241      3.2870      3.3752      3.4609      4.0146      4.0998      4.0402      4.5591      4.5838      4.6173      4.8055      4.8224      4.8411      4.9015      4.9113      4.9217      4.9911      4.9941      4.9971      
2014-09-30     2.6177      2.6974      2.7669      3.0816      3.1459      3.1923      3.2970      3.3504      3.4254      4.0142      4.0936      4.0353      4.5532      4.5753      4.6113      4.8018      4.8171      4.8375      4.9004      4.9083      4.9199      4.9909      4.9932      4.9966      
2014-10-08     2.5903      2.6673      2.7527      3.0112      3.1062      3.1679      3.2696      3.3273      3.4015      4.0127      4.0747      4.0332      4.5496      4.5677      4.6052      4.8003      4.8124      4.8345      4.9000      4.9057      4.9182      4.9905      4.9922      4.9960      
2014-10-09     2.5672      2.6395      2.7400      2.9482      3.0748      3.1534      3.2458      3.3045      3.3870      4.0071      4.0421      4.0339      4.5461      4.5609      4.5990      4.8000      4.8082      4.8313      4.9000      4.9034      4.9165      4.9899      4.9912      4.9954      
2014-10-10     2.5489      2.6164      2.7280      2.9316      3.0540      3.1435      3.2568      3.2876      3.3756      3.9817      4.0074      4.0321      4.5426      4.5545      4.5931      4.8000      4.8050      4.8281      4.9000      4.9017      4.9149      4.9886      4.9901      4.9947      
2014-10-11     2.5491      2.5992      2.7144      2.9504      3.0428      3.1359      3.2864      3.2867      3.3692      3.9623      3.9885      4.0311      4.5399      4.5495      4.5873      4.8000      4.8027      4.8249      4.9000      4.9007      4.9133      4.9873      4.9892      4.9939      
2014-10-13     2.5498      2.5837      2.6993      2.9764      3.0290      3.1280      3.2880      3.2925      3.3625      3.9389      3.9766      4.0305      4.5380      4.5456      4.5816      4.8000      4.8009      4.8221      4.9000      4.9002      4.9117      4.9857      4.9883      4.9930      
2014-10-14     2.5494      2.5698      2.6832      2.9968      3.0040      3.1181      3.2878      3.2787      3.3566      3.9152      3.9640      4.0288      4.5361      4.5428      4.5762      4.8000      4.8002      4.8192      4.9000      4.9000      4.9102      4.9840      4.9872      4.9920      
2014-10-15     2.5365      2.5518      2.6655      2.9956      2.9719      3.1054      3.2690      3.2574      3.3460      3.8914      3.9492      4.0225      4.5333      4.5397      4.5704      4.7995      4.7998      4.8164      4.9000      4.9000      4.9086      4.9821      4.9860      4.9910      
2014-10-16     2.5180      2.5334      2.6466      2.9914      2.9615      3.0916      3.2572      3.2570      3.3342      3.8738      3.9277      4.0142      4.5305      4.5365      4.5644      4.7984      4.7992      4.8135      4.8999      4.8999      4.9071      4.9800      4.9843      4.9897      
2014-10-17     2.5014      2.5252      2.6270      2.9816      2.9660      3.0766      3.2442      3.2653      3.3202      3.8586      3.9104      4.0051      4.5262      4.5330      4.5584      4.7968      4.7984      4.8104      4.8993      4.8996      4.9054      4.9774      4.9823      4.9882      
2014-10-20     2.4798      2.5148      2.6061      2.9680      2.9722      3.0591      3.2352      3.2616      3.3060      3.8442      3.8915      3.9926      4.5202      4.5291      4.5522      4.7949      4.7975      4.8073      4.8984      4.8992      4.9037      4.9745      4.9801      4.9866      
2014-10-21     2.4552      2.5023      2.5848      2.9512      2.9740      3.0401      3.2310      3.2594      3.2933      3.8414      3.8783      3.9765      4.5128      4.5245      4.5461      4.7919      4.7960      4.8042      4.8972      4.8986      4.9021      4.9709      4.9775      4.9848      
2014-10-22     2.4394      2.4880      2.5637      2.9416      2.9686      3.0217      3.2440      3.2565      3.2805      3.8438      3.8676      3.9548      4.5059      4.5196      4.5403      4.7898      4.7947      4.8014      4.8954      4.8977      4.9005      4.9673      4.9747      4.9830      
2014-10-23     2.4292      2.4736      2.5450      2.9368      2.9641      3.0091      3.2702      3.2637      3.2756      3.8512      3.8625      3.9349      4.4983      4.5144      4.5345      4.7879      4.7932      4.7991      4.8932      4.8966      4.8991      4.9642      4.9721      4.9811      
2014-10-24     2.4260      2.4637      2.5315      2.9518      2.9667      3.0048      3.3174      3.2808      3.2837      3.8538      3.8562      3.9223      4.4890      4.5076      4.5285      4.7862      4.7915      4.7971      4.8909      4.8951      4.8979      4.9612      4.9693      4.9792      
2014-10-27     2.4369      2.4583      2.5210      2.9750      2.9715      3.0003      3.4059      3.3206      3.3065      3.8584      3.8513      3.9139      4.4812      4.5007      4.5231      4.7841      4.7895      4.7952      4.8883      4.8934      4.8968      4.9579      4.9662      4.9773      
2014-10-28     2.4521      2.4536      2.5117      3.0026      2.9769      2.9905      3.4979      3.3645      3.3216      3.8672      3.8543      3.9091      4.4716      4.4922      4.5175      4.7828      4.7874      4.7938      4.8856      4.8914      4.8957      4.9553      4.9631      4.9752      
2014-10-29     2.4719      2.4556      2.5037      3.0442      2.9929      2.9824      3.5827      3.4134      3.3354      3.8782      3.8610      3.9051      4.4635      4.4847      4.5122      4.7805      4.7851      4.7924      4.8836      4.8895      4.8947      4.9533      4.9603      4.9732      
2014-10-30     2.4981      2.4636      2.4985      3.0935      3.0152      2.9883      3.6673      3.4688      3.3629      3.9010      3.8761      3.9019      4.4569      4.4776      4.5071      4.7782      4.7831      4.7911      4.8818      4.8875      4.8937      4.9515      4.9579      4.9711      
2014-10-31     2.5208      2.4734      2.4993      3.1285      3.0402      3.0031      3.7283      3.5229      3.3941      3.9300      3.8919      3.9012      4.4526      4.4708      4.5019      4.7755      4.7809      4.7896      4.8802      4.8856      4.8926      4.9504      4.9558      4.9691      
2014-11-03     2.5340      2.4854      2.5001      3.1553      3.0652      3.0187      3.7408      3.5734      3.4175      3.9466      3.9025      3.8970      4.4476      4.4644      4.4967      4.7731      4.7786      4.7880      4.8787      4.8835      4.8914      4.9501      4.9540      4.9670      
2014-11-04     2.5442      2.4981      2.5002      3.1831      3.0929      3.0334      3.7312      3.6146      3.4370      3.9456      3.9064      3.8923      4.4447      4.4582      4.4913      4.7697      4.7763      4.7861      4.8770      4.8813      4.8900      4.9500      4.9527      4.9651      
2014-11-05     2.5490      2.5104      2.4992      3.1893      3.1168      3.0427      3.7244      3.6536      3.4550      3.9358      3.9070      3.8873      4.4393      4.4514      4.4855      4.7667      4.7736      4.7841      4.8749      4.8792      4.8885      4.9500      4.9517      4.9632      
2014-11-06     2.5498      2.5239      2.4988      3.1746      3.1341      3.0491      3.7062      3.6868      3.4752      3.9166      3.9088      3.8856      4.4300      4.4435      4.4789      4.7630      4.7706      4.7819      4.8726      4.8772      4.8869      4.9500      4.9508      4.9614      
2014-11-07     2.5518      2.5363      2.5000      3.1548      3.1417      3.0542      3.6884      3.7084      3.4946      3.8974      3.9137      3.8849      4.4168      4.4347      4.4712      4.7585      4.7670      4.7793      4.8700      4.8751      4.8851      4.9496      4.9500      4.9597      
2014-11-10     2.5500      2.5420      2.5002      3.1374      3.1464      3.0589      3.6702      3.7055      3.5130      3.8978      3.9222      3.8867      4.4019      4.4247      4.4627      4.7518      4.7624      4.7760      4.8661      4.8724      4.8829      4.9488      4.9494      4.9578      
2014-11-11     2.5402      2.5422      2.4979      3.1126      3.1479      3.0624      3.6410      3.6861      3.5253      3.8986      3.9221      3.8882      4.3849      4.4148      4.4535      4.7442      4.7570      4.7722      4.8608      4.8689      4.8802      4.9463      4.9481      4.9556      
2014-11-12     2.5284      2.5387      2.4972      3.0923      3.1408      3.0669      3.5914      3.6579      3.5356      3.8932      3.9145      3.8877      4.3578      4.3986      4.4416      4.7138      4.7403      4.7627      4.8448      4.8599      4.8747      4.9379      4.9439      4.9521      
2014-11-13     2.5114      2.5306      2.4971      3.0833      3.1289      3.0721      3.5376      3.6219      3.5453      3.8874      3.9020      3.8890      4.3272      4.3786      4.4281      4.6693      4.7162      4.7496      4.8211      4.8469      4.8672      4.9261      4.9380      4.9479      
2014-11-14     2.4948      2.5233      2.4984      3.0787      3.1167      3.0785      3.4830      3.5857      3.5543      3.8870      3.8922      3.8920      4.2976      4.3572      4.4140      4.6177      4.6881      4.7345      4.7933      4.8316      4.8586      4.9124      4.9310      4.9434      
2014-11-17     2.4888      2.5194      2.5024      3.0747      3.1060      3.0856      3.4470      3.5586      3.5660      3.8812      3.8895      3.8960      4.2662      4.3340      4.3992      4.5612      4.6565      4.7175      4.7615      4.8138      4.8487      4.8975      4.9232      4.9386      
2014-11-18     2.4908      2.5155      2.5068      3.0739      3.0932      3.0931      3.4390      3.5400      3.5773      3.8764      3.8875      3.8969      4.2346      4.3098      4.3840      4.5024      4.6233      4.6998      4.7278      4.7943      4.8378      4.8827      4.9145      4.9336      
2014-11-19     2.4950      2.5117      2.5111      3.0748      3.0835      3.1002      3.4550      3.5232      3.5884      3.8912      3.8922      3.8996      4.2130      4.2854      4.3684      4.4644      4.5891      4.6814      4.7030      4.7739      4.8266      4.8724      4.9051      4.9284      
2014-11-20     2.5082      2.5098      2.5169      3.0836      3.0834      3.1088      3.4866      3.5121      3.5994      3.9278      3.9076      3.9082      4.1985      4.2629      4.3532      4.4397      4.5545      4.6626      4.6840      4.7526      4.8149      4.8647      4.8954      4.9231      
2014-11-21     2.5282      2.5115      2.5239      3.1116      3.0951      3.1184      3.5324      3.5077      3.6080      3.9620      3.9245      3.9191      4.1870      4.2423      4.3385      4.4231      4.5204      4.6437      4.6696      4.7314      4.8033      4.8590      4.8857      4.9179      
2014-11-24     2.5372      2.5130      2.5275      3.1404      3.1075      3.1269      3.5458      3.4964      3.6010      3.9882      3.9347      3.9284      4.1742      4.2202      4.3225      4.4088      4.4850      4.6237      4.6516      4.7066      4.7895      4.8457      4.8716      4.9105      
2014-11-25     2.5484      2.5196      2.5309      3.1816      3.1277      3.1378      3.5614      3.5002      3.5932      4.0352      3.9558      3.9389      4.1669      4.2007      4.3078      4.3970      4.4497      4.6033      4.6316      4.6797      4.7743      4.8243      4.8535      4.9008      
2014-11-26     2.5622      2.5286      2.5337      3.2216      3.1482      3.1445      3.5732      3.5141      3.5860      4.0694      3.9803      3.9474      4.1634      4.1882      4.2934      4.3860      4.4252      4.5827      4.6088      4.6559      4.7579      4.7998      4.8361      4.8900      
2014-11-27     2.5712      2.5397      2.5352      3.2562      3.1699      3.1494      3.5814      3.5340      3.5780      4.0888      4.0083      3.9551      4.1619      4.1802      4.2794      4.3745      4.4071      4.5616      4.5851      4.6346      4.7407      4.7722      4.8184      4.8782      
2014-11-28     2.5756      2.5519      2.5376      3.2770      3.1943      3.1555      3.5844      3.5584      3.5721      4.0988      4.0304      3.9613      4.1606      4.1738      4.2655      4.3627      4.3929      4.5405      4.5593      4.6144      4.7230      4.7418      4.8004      4.8657      
2014-12-01     2.5940      2.5656      2.5425      3.3032      3.2218      3.1639      3.6048      3.5753      3.5670      4.1306      4.0594      3.9744      4.1667      4.1704      4.2522      4.3564      4.3826      4.5195      4.5405      4.5961      4.7049      4.7184      4.7821      4.8526      
2014-12-02     2.6108      2.5796      2.5476      3.3258      3.2537      3.1735      3.6532      3.6073      3.5737      4.1472      4.0912      3.9893      4.1720      4.1694      4.2396      4.3520      4.3745      4.4989      4.5259      4.5787      4.6865      4.7024      4.7633      4.8389      
2014-12-03     2.6230      2.5926      2.5522      3.3536      3.2876      3.1856      3.7186      3.6459      3.5846      4.1664      4.1179      4.0050      4.1780      4.1707      4.2281      4.3490      4.3675      4.4783      4.5145      4.5617      4.6678      4.6889      4.7443      4.8247      
2014-12-04     2.6326      2.6019      2.5559      3.3760      3.3161      3.1998      3.7882      3.6848      3.5985      4.1766      4.1327      4.0201      4.1832      4.1725      4.2177      4.3479      4.3612      4.4578      4.5055      4.5453      4.6489      4.6777      4.7249      4.8102      
2014-12-05     2.6366      2.6061      2.5588      3.3896      3.3333      3.2142      3.8522      3.7183      3.6130      4.1974      4.1481      4.0363      4.1928      4.1767      4.2095      4.3477      4.3552      4.4378      4.4985      4.5289      4.6302      4.6676      4.7047      4.7952      
2014-12-08     2.6356      2.6148      2.5639      3.4028      3.3530      3.2303      3.9144      3.7596      3.6280      4.2080      4.1693      4.0520      4.2036      4.1851      4.2027      4.3473      4.3519      4.4184      4.4924      4.5165      4.6115      4.6583      4.6884      4.7800      
2014-12-09     2.6350      2.6229      2.5713      3.4110      3.3684      3.2481      3.9424      3.7978      3.6490      4.2280      4.1876      4.0717      4.2142      4.1931      4.1969      4.3475      4.3498      4.3997      4.4877      4.5068      4.5932      4.6516      4.6770      4.7652      
2014-12-10     2.6368      2.6299      2.5793      3.4196      3.3866      3.2674      3.9528      3.8357      3.6749      4.2630      4.2147      4.0975      4.2252      4.2016      4.1949      4.3488      4.3489      4.3870      4.4840      4.4993      4.5776      4.6471      4.6680      4.7520      
2014-12-11     2.6396      2.6361      2.5879      3.4404      3.4082      3.2891      3.9860      3.8871      3.7106      4.3168      4.2467      4.1275      4.2493      4.2163      4.1982      4.3516      4.3498      4.3784      4.4818      4.4936      4.5641      4.6443      4.6610      4.7397      
2014-12-12     2.6442      2.6404      2.5962      3.4798      3.4347      3.3145      4.0348      3.9435      3.7510      4.3878      4.2926      4.1615      4.2721      4.2324      4.2031      4.3558      4.3517      4.3723      4.4808      4.4897      4.5520      4.6444      4.6560      4.7282      
2014-12-15     2.6468      2.6412      2.6034      3.5168      3.4598      3.3408      4.0890      4.0017      3.7885      4.4795      4.3437      4.2016      4.3103      4.2569      4.2137      4.3615      4.3544      4.3685      4.4827      4.4876      4.5418      4.6461      4.6522      4.7171      
2014-12-16     2.6524      2.6437      2.6117      3.5580      3.4845      3.3691      4.1508      4.0466      3.8270      4.6045      4.4162      4.2537      4.3761      4.2951      4.2323      4.3745      4.3610      4.3677      4.4872      4.4874      4.5331      4.6487      4.6501      4.7067      
2014-12-17     2.6770      2.6569      2.6248      3.6052      3.5124      3.4000      4.2432      4.0980      3.8720      4.7855      4.5242      4.3211      4.4736      4.3494      4.2601      4.3970      4.3729      4.3702      4.4949      4.4895      4.5256      4.6528      4.6500      4.6971      
2014-12-18     2.7738      2.7067      2.6543      3.7090      3.5747      3.4454      4.4076      4.1968      3.9408      4.9813      4.6491      4.3909      4.5856      4.4175      4.2950      4.4260      4.3888      4.3750      4.5050      4.4934      4.5194      4.6584      4.6514      4.6881      
2014-12-19     2.9648      2.8045      2.7053      4.0650      3.7724      3.5529      4.6312      4.3330      4.0257      5.2038      4.7958      4.4719      4.7195      4.4958      4.3363      4.4680      4.4119      4.3835      4.5201      4.5005      4.5147      4.6650      4.6547      4.6797      
2014-12-22     3.1744      2.9106      2.7627      4.5004      4.0086      3.6808      4.9970      4.5430      4.1513      5.4627      4.9711      4.5702      4.8569      4.5836      4.3843      4.5225      4.4420      4.3969      4.5367      4.5097      4.5131      4.6725      4.6593      4.6738      
2014-12-23     3.3742      3.0133      2.8181      4.9038      4.2309      3.7997      5.3504      4.7506      4.2742      5.7047      5.1546      4.6711      4.9761      4.6761      4.4346      4.5772      4.4759      4.4128      4.5527      4.5199      4.5134      4.6813      4.6650      4.6710      
2014-12-24     3.5422      3.1096      2.8698      5.2024      4.4038      3.8952      5.5932      4.9182      4.3770      5.8669      5.3262      4.7704      5.0622      4.7679      4.4848      4.6285      4.5128      4.4308      4.5682      4.5315      4.5154      4.6892      4.6710      4.6695      
2014-12-25     3.6260      3.1999      2.9180      5.3984      4.5537      3.9810      5.7206      5.0641      4.4756      5.9833      5.4823      4.8645      5.1180      4.8518      4.5340      4.6764      4.5512      4.4505      4.5827      4.5438      4.5187      4.6959      4.6771      4.6691      
2014-12-26     3.6020      3.2834      2.9619      5.2880      4.6765      4.0556      5.7424      5.1868      4.5652      6.0376      5.6207      4.9566      5.1475      4.9335      4.5830      4.7119      4.5900      4.4708      4.5927      4.5564      4.5230      4.7012      4.6831      4.6695      
2014-12-29     3.5446      3.3595      3.0004      5.0744      4.7874      4.1236      5.6098      5.3034      4.6526      5.9716      5.7172      5.0304      5.1539      5.0054      4.6312      4.7324      4.6275      4.4909      4.5996      4.5682      4.5279      4.7059      4.6892      4.6707      
2014-12-30     3.4872      3.4307      3.0372      4.8716      4.8877      4.1861      5.4796      5.4150      4.7308      5.8516      5.7782      5.0972      5.1496      5.0628      4.6790      4.7437      4.6605      4.5107      4.6062      4.5795      4.5334      4.7097      4.6955      4.6728      
2014-12-31     3.4716      3.5069      3.0819      4.7624      4.9824      4.2474      5.4690      5.5311      4.8146      5.7516      5.8093      5.1667      5.1434      5.1028      4.7261      4.7479      4.6882      4.5306      4.6117      4.5899      4.5397      4.7148      4.7020      4.6760      
