日期           O/N                                 1W                                  2W                                  1M                                  3M                                  6M                                  9M                                  1Y                                  
===========================================================================================================================================
               5日均值     10日均值    20日均值    5日均值     10日均值    20日均值    5日均值     10日均值    20日均值    5日均值     10日均值    20日均值    5日均值     10日均值    20日均值    5日均值     10日均值    20日均值    5日均值     10日均值    20日均值    5日均值     10日均值    20日均值    
2018-01-02     2.6848      2.6741      2.6769      2.9030      2.8881      2.8583      3.9592      3.9317      3.8958      4.8936      4.8421      4.6568      4.8903      4.8814      4.8417      4.8719      4.8610      4.8142      4.7162      4.7084      4.6842      4.7577      4.7457      4.7070      
2018-01-03     2.6797      2.6564      2.6761      2.8816      2.8793      2.8576      3.9462      3.9296      3.8967      4.8324      4.8356      4.6727      4.8545      4.8705      4.8387      4.8518      4.8581      4.8168      4.7157      4.7102      4.6878      4.7523      4.7494      4.7115      
2018-01-04     2.6475      2.6339      2.6727      2.8526      2.8679      2.8563      3.9152      3.9200      3.8943      4.7416      4.8094      4.6796      4.8093      4.8536      4.8339      4.8233      4.8486      4.8171      4.7131      4.7110      4.6908      4.7461      4.7501      4.7155      
2018-01-05     2.6099      2.6158      2.6677      2.8166      2.8553      2.8540      3.8706      3.9045      3.8892      4.6304      4.7698      4.6786      4.7596      4.8332      4.8277      4.7892      4.8351      4.8159      4.7095      4.7108      4.6933      4.7389      4.7488      4.7191      
2018-01-08     2.5341      2.6007      2.6603      2.7732      2.8423      2.8509      3.8168      3.8856      3.8827      4.5010      4.7146      4.6714      4.7088      4.8101      4.8211      4.7538      4.8186      4.8138      4.7052      4.7102      4.6957      4.7313      4.7459      4.7223      
2018-01-09     2.5085      2.5967      2.6524      2.7542      2.8286      2.8472      3.7678      3.8635      3.8750      4.3966      4.6451      4.6595      4.6794      4.7849      4.8140      4.7281      4.8000      4.8108      4.7016      4.7089      4.6978      4.7259      4.7418      4.7253      
2018-01-10     2.5244      2.6021      2.6482      2.7524      2.8170      2.8445      3.7350      3.8406      3.8675      4.3086      4.5705      4.6441      4.6656      4.7600      4.8071      4.7113      4.7815      4.8072      4.6988      4.7073      4.6998      4.7227      4.7375      4.7280      
2018-01-11     2.5898      2.6187      2.6504      2.7668      2.8097      2.8435      3.7298      3.8225      3.8631      4.2461      4.4939      4.6261      4.6622      4.7358      4.8004      4.7047      4.7640      4.8033      4.6987      4.7059      4.7017      4.7216      4.7339      4.7306      
2018-01-12     2.6590      2.6345      2.6518      2.7906      2.8036      2.8433      3.7416      3.8061      3.8600      4.1936      4.4120      4.6041      4.6653      4.7124      4.7936      4.7040      4.7466      4.7989      4.7000      4.7048      4.7031      4.7213      4.7301      4.7325      
2018-01-15     2.7256      2.6299      2.6553      2.8152      2.7942      2.8428      3.7608      3.7888      3.8573      4.1540      4.3275      4.5796      4.6700      4.6894      4.7869      4.7058      4.7298      4.7943      4.7025      4.7038      4.7046      4.7223      4.7268      4.7337      
2018-01-16     2.7768      2.6427      2.6584      2.8422      2.7982      2.8432      3.7868      3.7773      3.8545      4.1286      4.2626      4.5524      4.6754      4.6774      4.7794      4.7077      4.7179      4.7894      4.7059      4.7038      4.7061      4.7242      4.7251      4.7354      
2018-01-17     2.8012      2.6628      2.6596      2.8626      2.8075      2.8434      3.8130      3.7740      3.8518      4.1103      4.2095      4.5225      4.6820      4.6738      4.7721      4.7106      4.7110      4.7845      4.7098      4.7043      4.7073      4.7266      4.7247      4.7370      
2018-01-18     2.7879      2.6889      2.6614      2.8718      2.8193      2.8436      3.8264      3.7781      3.8491      4.0961      4.1711      4.4903      4.6889      4.6755      4.7646      4.7127      4.7087      4.7787      4.7142      4.7065      4.7087      4.7287      4.7251      4.7376      
2018-01-19     2.7891      2.7241      2.6699      2.8772      2.8339      2.8446      3.8340      3.7878      3.8462      4.0957      4.1447      4.4572      4.6953      4.6803      4.7568      4.7153      4.7097      4.7724      4.7187      4.7093      4.7101      4.7317      4.7265      4.7376      
2018-01-22     2.7845      2.7551      2.6779      2.8830      2.8491      2.8457      3.8416      3.8012      3.8434      4.1000      4.1270      4.4208      4.7012      4.6856      4.7478      4.7180      4.7119      4.7653      4.7227      4.7126      4.7114      4.7352      4.7288      4.7373      
2018-01-23     2.7479      2.7624      2.6795      2.8798      2.8610      2.8448      3.8480      3.8174      3.8405      4.1037      4.1162      4.3806      4.7076      4.6915      4.7382      4.7211      4.7144      4.7572      4.7263      4.7161      4.7125      4.7378      4.7310      4.7364      
2018-01-24     2.7097      2.7555      2.6788      2.8706      2.8666      2.8418      3.8532      3.8331      3.8369      4.1092      4.1098      4.3402      4.7142      4.6981      4.7291      4.7238      4.7172      4.7494      4.7295      4.7197      4.7135      4.7398      4.7332      4.7354      
2018-01-25     2.6693      2.7286      2.6736      2.8650      2.8684      2.8390      3.8566      3.8415      3.8320      4.1162      4.1062      4.3000      4.7197      4.7043      4.7200      4.7266      4.7197      4.7418      4.7314      4.7228      4.7144      4.7416      4.7352      4.7345      
2018-01-26     2.6122      2.7007      2.6676      2.8552      2.8662      2.8349      3.8594      3.8467      3.8264      4.1191      4.1074      4.2597      4.7232      4.7093      4.7109      4.7277      4.7215      4.7341      4.7324      4.7255      4.7151      4.7424      4.7371      4.7336      
2018-01-29     2.5712      2.6779      2.6539      2.8458      2.8644      2.8293      3.8612      3.8514      3.8201      4.1222      4.1111      4.2193      4.7262      4.7137      4.7015      4.7280      4.7230      4.7264      4.7321      4.7274      4.7156      4.7423      4.7388      4.7328      
2018-01-30     2.5616      2.6548      2.6487      2.8408      2.8603      2.8292      3.8608      3.8544      3.8159      4.1255      4.1146      4.1886      4.7283      4.7179      4.6977      4.7284      4.7247      4.7213      4.7319      4.7291      4.7164      4.7423      4.7400      4.7326      
2018-01-31     2.5656      2.6377      2.6502      2.8403      2.8555      2.8315      3.8592      3.8562      3.8151      4.1276      4.1184      4.1639      4.7281      4.7211      4.6975      4.7291      4.7264      4.7187      4.7317      4.7306      4.7174      4.7423      4.7411      4.7329      
2018-02-01     2.5560      2.6126      2.6507      2.8289      2.8469      2.8331      3.8601      3.8583      3.8182      4.1288      4.1225      4.1468      4.7272      4.7235      4.6995      4.7295      4.7281      4.7184      4.7316      4.7315      4.7190      4.7431      4.7424      4.7338      
2018-02-02     2.5493      2.5808      2.6524      2.8181      2.8366      2.8353      3.8615      3.8604      3.8241      4.1295      4.1243      4.1345      4.7270      4.7251      4.7027      4.7306      4.7291      4.7194      4.7314      4.7319      4.7206      4.7438      4.7431      4.7348      
2018-02-05     2.5422      2.5567      2.6559      2.8048      2.8253      2.8372      3.8633      3.8622      3.8317      4.1254      4.1238      4.1254      4.7267      4.7265      4.7060      4.7313      4.7296      4.7208      4.7314      4.7318      4.7222      4.7442      4.7433      4.7360      
2018-02-06     2.5392      2.5504      2.6564      2.7913      2.8161      2.8385      3.8667      3.8637      3.8406      4.1174      4.1214      4.1188      4.7255      4.7269      4.7092      4.7316      4.7300      4.7222      4.7316      4.7318      4.7239      4.7451      4.7437      4.7373      
2018-02-07     2.5346      2.5501      2.6528      2.7796      2.8100      2.8383      3.8722      3.8657      3.8494      4.1078      4.1177      4.1137      4.7218      4.7249      4.7115      4.7316      4.7303      4.7238      4.7318      4.7318      4.7257      4.7456      4.7440      4.7386      
2018-02-08     2.5460      2.5510      2.6398      2.8019      2.8154      2.8419      3.8764      3.8682      3.8549      4.0968      4.1128      4.1095      4.7154      4.7213      4.7128      4.7310      4.7303      4.7250      4.7315      4.7316      4.7272      4.7455      4.7443      4.7397      
2018-02-09     2.5603      2.5548      2.6277      2.8279      2.8230      2.8446      3.8814      3.8714      3.8591      4.0857      4.1076      4.1075      4.7086      4.7178      4.7135      4.7304      4.7305      4.7260      4.7314      4.7314      4.7285      4.7454      4.7446      4.7408      
2018-02-11     2.5758      2.5590      2.6184      2.8561      2.8305      2.8474      3.8886      3.8759      3.8637      4.0782      4.1018      4.1064      4.7029      4.7148      4.7143      4.7297      4.7305      4.7267      4.7316      4.7315      4.7295      4.7456      4.7449      4.7419      
2018-02-12     2.5850      2.5621      2.6084      2.8856      2.8385      2.8494      3.8974      3.8820      3.8682      4.0755      4.0964      4.1055      4.6980      4.7118      4.7148      4.7288      4.7302      4.7275      4.7314      4.7315      4.7303      4.7455      4.7453      4.7427      
2018-02-13     2.5882      2.5614      2.5995      2.9170      2.8483      2.8519      3.9104      3.8913      3.8738      4.0734      4.0906      4.1045      4.6967      4.7092      4.7152      4.7285      4.7301      4.7282      4.7312      4.7315      4.7311      4.7456      4.7456      4.7433      
2018-02-14     2.6184      2.5822      2.5974      2.9182      2.8600      2.8535      3.9086      3.8925      3.8754      4.0728      4.0848      4.1036      4.6981      4.7068      4.7151      4.7283      4.7297      4.7289      4.7312      4.7313      4.7314      4.7453      4.7454      4.7439      
2018-02-22     2.6268      2.5936      2.5872      2.9128      2.8703      2.8535      3.9012      3.8913      3.8759      4.0713      4.0785      4.1014      4.7005      4.7046      4.7148      4.7279      4.7291      4.7291      4.7305      4.7310      4.7315      4.7448      4.7451      4.7441      
2018-02-23     2.6246      2.6002      2.5785      2.9056      2.8809      2.8531      3.8922      3.8904      3.8763      4.0686      4.0734      4.0986      4.7025      4.7027      4.7146      4.7282      4.7290      4.7293      4.7303      4.7310      4.7314      4.7441      4.7449      4.7441      
2018-02-24     2.6196      2.6023      2.5764      2.8972      2.8914      2.8537      3.8800      3.8887      3.8762      4.0641      4.0698      4.0956      4.7049      4.7015      4.7142      4.7287      4.7287      4.7294      4.7300      4.7307      4.7312      4.7434      4.7444      4.7441      
2018-02-26     2.6164      2.6023      2.5762      2.8856      2.9013      2.8556      3.8596      3.8850      3.8754      4.0589      4.0661      4.0919      4.7073      4.7020      4.7135      4.7287      4.7286      4.7295      4.7298      4.7305      4.7311      4.7427      4.7441      4.7440      
2018-02-27     2.5840      2.6012      2.5761      2.8758      2.8970      2.8562      3.8510      3.8798      3.8740      4.0514      4.0621      4.0875      4.7088      4.7035      4.7124      4.7285      4.7284      4.7293      4.7296      4.7304      4.7310      4.7423      4.7438      4.7440      
2018-02-28     2.5994      2.6131      2.5840      2.8788      2.8958      2.8594      3.8484      3.8748      3.8731      4.0467      4.0590      4.0833      4.7103      4.7054      4.7116      4.7289      4.7284      4.7294      4.7300      4.7303      4.7308      4.7420      4.7434      4.7440      
2018-03-01     2.6182      2.6214      2.5902      2.8818      2.8937      2.8621      3.8436      3.8679      3.8719      4.0436      4.0561      4.0789      4.7119      4.7072      4.7110      4.7285      4.7284      4.7294      4.7300      4.7301      4.7308      4.7420      4.7431      4.7440      
2018-03-02     2.6608      2.6402      2.6012      2.8860      2.8916      2.8650      3.8396      3.8598      3.8709      4.0421      4.0531      4.0748      4.7141      4.7095      4.7106      4.7291      4.7289      4.7295      4.7300      4.7300      4.7308      4.7420      4.7427      4.7440      
2018-03-05     2.6770      2.6467      2.6041      2.8908      2.8882      2.8682      3.8384      3.8490      3.8702      4.0478      4.0533      4.0719      4.7160      4.7117      4.7105      4.7299      4.7293      4.7297      4.7300      4.7299      4.7307      4.7420      4.7424      4.7440      
2018-03-06     2.6882      2.6361      2.6091      2.8958      2.8858      2.8729      3.8396      3.8453      3.8689      4.0692      4.0603      4.0726      4.7206      4.7147      4.7107      4.7312      4.7299      4.7298      4.7300      4.7298      4.7306      4.7420      4.7422      4.7438      
2018-03-07     2.6650      2.6322      2.6129      2.8892      2.8840      2.8772      3.8384      3.8434      3.8673      4.0994      4.0730      4.0758      4.7252      4.7178      4.7112      4.7336      4.7312      4.7302      4.7301      4.7300      4.7305      4.7420      4.7420      4.7436      
2018-03-08     2.6408      2.6295      2.6149      2.8824      2.8821      2.8815      3.8372      3.8404      3.8654      4.1422      4.0929      4.0831      4.7303      4.7211      4.7119      4.7371      4.7328      4.7309      4.7304      4.7302      4.7306      4.7420      4.7420      4.7434      
2018-03-09     2.6008      2.6308      2.6166      2.8744      2.8802      2.8858      3.8354      3.8375      3.8631      4.1985      4.1203      4.0950      4.7347      4.7244      4.7129      4.7409      4.7350      4.7319      4.7306      4.7303      4.7305      4.7419      4.7420      4.7432      
2018-03-12     2.5876      2.6323      2.6173      2.8672      2.8790      2.8902      3.8330      3.8357      3.8603      4.2581      4.1529      4.1095      4.7373      4.7266      4.7143      4.7446      4.7373      4.7330      4.7309      4.7304      4.7305      4.7419      4.7420      4.7430      
2018-03-13     2.5916      2.6399      2.6206      2.8640      2.8799      2.8885      3.8308      3.8352      3.8575      4.3105      4.1898      4.1260      4.7356      4.7281      4.7158      4.7483      4.7398      4.7341      4.7311      4.7306      4.7305      4.7418      4.7419      4.7429      
2018-03-14     2.5998      2.6324      2.6228      2.8632      2.8762      2.8860      3.8290      3.8337      3.8542      4.3633      4.2313      4.1452      4.7321      4.7287      4.7170      4.7516      4.7426      4.7355      4.7313      4.7307      4.7305      4.7418      4.7419      4.7427      
2018-03-15     2.6122      2.6265      2.6240      2.8640      2.8732      2.8835      3.8276      3.8324      3.8501      4.4106      4.2764      4.1662      4.7268      4.7285      4.7179      4.7540      4.7456      4.7370      4.7314      4.7309      4.7305      4.7418      4.7419      4.7425      
2018-03-16     2.6148      2.6078      2.6240      2.8656      2.8700      2.8808      3.8272      3.8313      3.8455      4.4473      4.3229      4.1880      4.7210      4.7278      4.7187      4.7536      4.7473      4.7381      4.7315      4.7311      4.7305      4.7418      4.7419      4.7423      
2018-03-19     2.6098      2.5987      2.6227      2.8666      2.8669      2.8776      3.8266      3.8298      3.8394      4.4756      4.3668      4.2101      4.7148      4.7260      4.7188      4.7516      4.7481      4.7387      4.7316      4.7312      4.7306      4.7418      4.7418      4.7421      
2018-03-20     2.5940      2.5928      2.6145      2.8648      2.8644      2.8751      3.8264      3.8286      3.8369      4.4960      4.4032      4.2318      4.7068      4.7212      4.7179      4.7480      4.7482      4.7390      4.7317      4.7314      4.7306      4.7418      4.7418      4.7420      
2018-03-21     2.5792      2.5895      2.6109      2.8626      2.8629      2.8735      3.8282      3.8286      3.8360      4.5053      4.4343      4.2537      4.6980      4.7151      4.7164      4.7404      4.7460      4.7386      4.7311      4.7312      4.7306      4.7418      4.7418      4.7419      
2018-03-22     2.5626      2.5874      2.6085      2.8602      2.8621      2.8721      3.8326      3.8301      3.8352      4.5004      4.4555      4.2742      4.6876      4.7072      4.7141      4.7305      4.7423      4.7376      4.7283      4.7299      4.7300      4.7408      4.7413      4.7417      
2018-03-23     2.5544      2.5846      2.6077      2.8564      2.8610      2.8706      3.8382      3.8327      3.8351      4.4856      4.4665      4.2934      4.6750      4.6980      4.7112      4.7209      4.7372      4.7361      4.7246      4.7281      4.7292      4.7374      4.7396      4.7408      
2018-03-26     2.5508      2.5803      2.6063      2.8562      2.8614      2.8702      3.8442      3.8354      3.8355      4.4651      4.4703      4.3116      4.6612      4.6880      4.7073      4.7110      4.7313      4.7343      4.7200      4.7258      4.7281      4.7337      4.7378      4.7399      
2018-03-27     2.5579      2.5760      2.6079      2.8588      2.8618      2.8709      3.8517      3.8391      3.8371      4.4414      4.4687      4.3293      4.6490      4.6779      4.7030      4.6963      4.7222      4.7310      4.7145      4.7231      4.7268      4.7291      4.7355      4.7387      
2018-03-28     2.5645      2.5719      2.6021      2.8650      2.8638      2.8700      3.8576      3.8429      3.8383      4.4089      4.4571      4.3442      4.6375      4.6677      4.6982      4.6857      4.7131      4.7278      4.7088      4.7200      4.7253      4.7237      4.7328      4.7373      
2018-03-29     2.5709      2.5668      2.5966      2.8734      2.8668      2.8700      3.8622      3.8474      3.8399      4.3784      4.4394      4.3579      4.6100      4.6488      4.6887      4.6649      4.6977      4.7216      4.6934      4.7109      4.7209      4.7119      4.7264      4.7341      
2018-03-30     2.5999      2.5772      2.5925      2.8875      2.8720      2.8710      3.8674      3.8528      3.8421      4.3488      4.4172      4.3700      4.5725      4.6238      4.6758      4.6385      4.6797      4.7135      4.6711      4.6979      4.7145      4.6971      4.7173      4.7296      
2018-04-02     2.6157      2.5833      2.5910      2.8917      2.8740      2.8704      3.8657      3.8550      3.8424      4.3045      4.3848      4.3758      4.5265      4.5939      4.6600      4.6062      4.6586      4.7034      4.6418      4.6809      4.7061      4.6775      4.7056      4.7237      
2018-04-03     2.6118      2.5849      2.5888      2.8909      2.8749      2.8696      3.8602      3.8560      3.8423      4.2517      4.3465      4.3749      4.4719      4.5605      4.6408      4.5727      4.6345      4.6913      4.6072      4.6609      4.6962      4.6544      4.6918      4.7168      
2018-04-04     2.5872      2.5759      2.5827      2.8791      2.8721      2.8675      3.8433      3.8505      3.8395      4.1952      4.3021      4.3682      4.4104      4.5240      4.6195      4.5344      4.6101      4.6780      4.5695      4.6392      4.6852      4.6274      4.6756      4.7087      
2018-04-08     2.5602      2.5656      2.5765      2.8623      2.8679      2.8650      3.8177      3.8400      3.8350      4.1348      4.2566      4.3560      4.3611      4.4856      4.5964      4.5018      4.5834      4.6628      4.5384      4.6159      4.6729      4.6036      4.6578      4.6996      
2018-04-09     2.5278      2.5639      2.5742      2.8402      2.8638      2.8624      3.7849      3.8262      3.8294      4.0711      4.2099      4.3382      4.3204      4.4465      4.5722      4.4709      4.5547      4.6460      4.5125      4.5918      4.6599      4.5832      4.6402      4.6899      
2018-04-10     2.5136      2.5647      2.5725      2.8250      2.8583      2.8599      3.7542      3.8100      3.8227      4.0165      4.1605      4.3154      4.2851      4.4058      4.5469      4.4435      4.5249      4.6281      4.4934      4.5676      4.6467      4.5666      4.6221      4.6799      
2018-04-11     2.5110      2.5614      2.5687      2.8118      2.8513      2.8566      3.7236      3.7919      3.8155      3.9654      4.1085      4.2886      4.2568      4.3644      4.5211      4.4209      4.4968      4.6095      4.4789      4.5431      4.6331      4.5536      4.6040      4.6697      
2018-04-12     2.5286      2.5579      2.5649      2.8058      2.8424      2.8531      3.7022      3.7728      3.8078      3.9218      4.0585      4.2578      4.2346      4.3225      4.4951      4.3995      4.4669      4.5900      4.4673      4.5184      4.6192      4.5448      4.5861      4.6594      
2018-04-13     2.5508      2.5555      2.5611      2.8030      2.8327      2.8497      3.6878      3.7528      3.8001      3.8846      4.0097      4.2245      4.2148      4.2879      4.4684      4.3822      4.4420      4.5699      4.4604      4.4994      4.6051      4.5400      4.5718      4.6491      
2018-04-16     2.5616      2.5447      2.5609      2.8022      2.8212      2.8466      3.6796      3.7323      3.7925      3.8548      3.9630      4.1901      4.1978      4.2591      4.4414      4.3696      4.4202      4.5500      4.4555      4.4840      4.5910      4.5370      4.5601      4.6387      
2018-04-17     2.5844      2.5490      2.5661      2.8094      2.8172      2.8456      3.6840      3.7191      3.7870      3.8386      3.9276      4.1562      4.1868      4.2360      4.4149      4.3610      4.4023      4.5304      4.4510      4.4722      4.5766      4.5360      4.5513      4.6285      
2018-04-18     2.6080      2.5595      2.5722      2.8202      2.8160      2.8454      3.6968      3.7102      3.7831      3.8286      3.8970      4.1218      4.1656      4.2112      4.3858      4.3476      4.3842      4.5094      4.4422      4.4606      4.5607      4.5284      4.5410      4.6164      
2018-04-19     2.6432      2.5859      2.5809      2.8370      2.8214      2.8467      3.7184      3.7103      3.7804      3.8184      3.8701      4.0861      4.1358      4.1852      4.3546      4.3292      4.3643      4.4872      4.4272      4.4472      4.5432      4.5108      4.5278      4.6017      
2018-04-20     2.6812      2.6160      2.5908      2.8560      2.8295      2.8487      3.7442      3.7160      3.7780      3.8056      3.8451      4.0508      4.1034      4.1591      4.3223      4.3056      4.3439      4.4636      4.4076      4.4340      4.5250      4.4876      4.5138      4.5858      
2018-04-23     2.7096      2.6356      2.5997      2.8756      2.8389      2.8514      3.7704      3.7250      3.7756      3.7916      3.8232      4.0166      4.0696      4.1337      4.2901      4.2776      4.3236      4.4392      4.3852      4.4204      4.5061      4.4626      4.4998      4.5700      
2018-04-24     2.7238      2.6541      2.6094      2.8884      2.8489      2.8536      3.7912      3.7376      3.7738      3.7744      3.8065      3.9835      4.0330      4.1099      4.2579      4.2460      4.3035      4.4142      4.3616      4.4063      4.4870      4.4340      4.4850      4.5535      
2018-04-25     2.7336      2.6708      2.6161      2.8990      2.8596      2.8555      3.8058      3.7513      3.7716      3.7662      3.7974      3.9530      4.0092      4.0874      4.2259      4.2204      4.2840      4.3904      4.3420      4.3921      4.4676      4.4100      4.4692      4.5366      
2018-04-26     2.7400      2.6916      2.6248      2.9072      2.8721      2.8573      3.8150      3.7667      3.7697      3.7810      3.7997      3.9291      3.9976      4.0667      4.1946      4.2020      4.2656      4.3663      4.3294      4.3783      4.4483      4.3970      4.4539      4.5200      
2018-04-27     2.7748      2.7280      2.6418      2.9242      2.8901      2.8614      3.8270      3.7856      3.7692      3.8086      3.8071      3.9084      3.9956      4.0495      4.1687      4.1912      4.2484      4.3452      4.3214      4.3645      4.4320      4.3902      4.4389      4.5054      
2018-04-28     2.7948      2.7522      2.6485      2.9386      2.9071      2.8642      3.8392      3.8048      3.7685      3.8384      3.8150      3.8890      3.9958      4.0327      4.1459      4.1850      4.2313      4.3258      4.3160      4.3506      4.4173      4.3848      4.4237      4.4919      
2018-05-02     2.7916      2.7577      2.6534      2.9356      2.9120      2.8646      3.8402      3.8157      3.7674      3.8674      3.8209      3.8742      3.9982      4.0156      4.1258      4.1812      4.2136      4.3079      4.3120      4.3368      4.4045      4.3812      4.4076      4.4795      
2018-05-03     2.7822      2.7579      2.6587      2.9238      2.9114      2.8637      3.8326      3.8192      3.7647      3.8854      3.8258      3.8614      4.0000      4.0046      4.1079      4.1766      4.1985      4.2914      4.3078      4.3249      4.3927      4.3780      4.3940      4.4675      
2018-05-04     2.7480      2.7440      2.6650      2.9000      2.9036      2.8625      3.8141      3.8145      3.7624      3.8826      3.8318      3.8510      4.0002      3.9989      4.0921      4.1708      4.1864      4.2754      4.3030      4.3162      4.3817      4.3728      4.3849      4.4563      
2018-05-07     2.6802      2.7275      2.6718      2.8580      2.8911      2.8603      3.7805      3.8037      3.7599      3.8708      3.8397      3.8424      3.9977      3.9966      4.0779      4.1640      4.1776      4.2608      4.2974      4.3094      4.3717      4.3656      4.3779      4.4458      
2018-05-08     2.6304      2.7126      2.6741      2.8138      2.8762      2.8576      3.7395      3.7893      3.7572      3.8566      3.8475      3.8354      3.9965      3.9962      4.0649      4.1582      4.1716      4.2476      4.2921      4.3041      4.3622      4.3588      4.3718      4.4358      
2018-05-09     2.5904      2.6910      2.6726      2.7822      2.8589      2.8539      3.7025      3.7713      3.7545      3.8412      3.8543      3.8304      3.9985      3.9984      4.0541      4.1538      4.1675      4.2355      4.2865      4.2993      4.3528      4.3528      4.3670      4.4260      
2018-05-10     2.5560      2.6691      2.6700      2.7564      2.8401      2.8499      3.6701      3.7513      3.7513      3.8284      3.8569      3.8272      4.0067      4.0034      4.0454      4.1518      4.1642      4.2241      4.2837      4.2958      4.3439      4.3492      4.3636      4.4164      
2018-05-11     2.5346      2.6413      2.6665      2.7378      2.8189      2.8455      3.6442      3.7291      3.7479      3.8180      3.8503      3.8250      4.0181      4.0092      4.0379      4.1520      4.1614      4.2135      4.2825      4.2928      4.3355      4.3474      4.3601      4.4070      
2018-05-14     2.5342      2.6072      2.6676      2.7318      2.7949      2.8425      3.6246      3.7025      3.7441      3.8102      3.8405      3.8238      4.0313      4.0145      4.0320      4.1544      4.1592      4.2038      4.2833      4.2904      4.3274      4.3482      4.3569      4.3979      
2018-05-15     2.5474      2.5889      2.6706      2.7362      2.7750      2.8411      3.6142      3.6768      3.7408      3.8070      3.8318      3.8234      4.0458      4.0212      4.0269      4.1586      4.1584      4.1949      4.2862      4.2892      4.3199      4.3496      4.3542      4.3890      
2018-05-16     2.5966      2.5935      2.6756      2.7564      2.7693      2.8407      3.6162      3.6593      3.7375      3.8088      3.8250      3.8230      4.0596      4.0291      4.0223      4.1658      4.1598      4.1867      4.2914      4.2890      4.3129      4.3530      4.3529      4.3803      
2018-05-17     2.6142      2.5851      2.6715      2.7724      2.7644      2.8379      3.6218      3.6459      3.7326      3.8138      3.8211      3.8235      4.0730      4.0399      4.0222      4.1742      4.1630      4.1808      4.2962      4.2900      4.3074      4.3570      4.3531      4.3736      
2018-05-18     2.6294      2.5820      2.6630      2.7834      2.7606      2.8321      3.6318      3.6380      3.7263      3.8206      3.8193      3.8256      4.0924      4.0553      4.0271      4.1836      4.1678      4.1771      4.3010      4.2918      4.3040      4.3614      4.3544      4.3697      
2018-05-21     2.6188      2.5765      2.6520      2.7870      2.7594      2.8253      3.6468      3.6357      3.7197      3.8268      3.8185      3.8291      4.1106      4.0709      4.0338      4.1926      4.1735      4.1756      4.3050      4.2942      4.3018      4.3650      4.3566      4.3673      
2018-05-22     2.5956      2.5715      2.6421      2.7834      2.7598      2.8180      3.6592      3.6367      3.7130      3.8318      3.8194      3.8335      4.1282      4.0870      4.0416      4.1996      4.1791      4.1754      4.3070      4.2966      4.3003      4.3682      4.3589      4.3654      
2018-05-23     2.5484      2.5725      2.6318      2.7668      2.7616      2.8103      3.6652      3.6407      3.7060      3.8350      3.8219      3.8381      4.1464      4.1030      4.0507      4.2042      4.1850      4.1763      4.3080      4.2997      4.2995      4.3702      4.3616      4.3643      
2018-05-24     2.5350      2.5746      2.6219      2.7564      2.7644      2.8023      3.6714      3.6466      3.6990      3.8378      3.8258      3.8414      4.1648      4.1189      4.0611      4.2084      4.1913      4.1778      4.3090      4.3026      4.2992      4.3712      4.3641      4.3639      
2018-05-25     2.5280      2.5787      2.6100      2.7616      2.7725      2.7957      3.6776      3.6547      3.6919      3.8406      3.8306      3.8405      4.1784      4.1354      4.0723      4.2138      4.1987      4.1801      4.3102      4.3056      4.2992      4.3718      4.3666      4.3634      
2018-05-28     2.5292      2.5740      2.5906      2.7716      2.7793      2.7871      3.6818      3.6643      3.6834      3.8422      3.8345      3.8375      4.1966      4.1536      4.0840      4.2210      4.2068      4.1830      4.3120      4.3085      4.2994      4.3728      4.3689      4.3629      
2018-05-29     2.5726      2.5841      2.5865      2.7902      2.7868      2.7809      3.6902      3.6747      3.6758      3.8446      3.8382      3.8350      4.2210      4.1746      4.0979      4.2326      4.2161      4.1873      4.3158      4.3114      4.3003      4.3748      4.3715      4.3629      
2018-05-30     2.6434      2.5959      2.5947      2.8188      2.7928      2.7811      3.7002      3.6827      3.6710      3.8508      3.8429      3.8340      4.2488      4.1976      4.1133      4.2482      4.2262      4.1930      4.3200      4.3140      4.3015      4.3772      4.3737      4.3633      
2018-05-31     2.7036      2.6193      2.6022      2.8482      2.8023      2.7834      3.7112      3.6913      3.6686      3.8628      3.8503      3.8357      4.2760      4.2204      4.1301      4.2644      4.2364      4.1997      4.3244      4.3167      4.3033      4.3806      4.3759      4.3645      
2018-06-01     2.7582      2.6431      2.6126      2.8688      2.8152      2.7879      3.7214      3.6995      3.6688      3.8866      3.8636      3.8415      4.3008      4.2396      4.1474      4.2794      4.2466      4.2072      4.3286      4.3194      4.3056      4.3842      4.3780      4.3662      
2018-06-04     2.7714      2.6503      2.6134      2.8712      2.8214      2.7904      3.7288      3.7053      3.6705      3.9172      3.8797      3.8491      4.3206      4.2586      4.1648      4.2922      4.2566      4.2151      4.3330      4.3225      4.3083      4.3876      4.3802      4.3684      
2018-06-05     2.7398      2.6562      2.6139      2.8620      2.8261      2.7930      3.7284      3.7093      3.6730      3.9522      3.8984      3.8589      4.3334      4.2772      4.1821      4.3008      4.2667      4.2229      4.3364      4.3261      4.3114      4.3902      4.3825      4.3707      
2018-06-06     2.6754      2.6594      2.6160      2.8414      2.8301      2.7959      3.7204      3.7103      3.6755      3.9862      3.9185      3.8702      4.3418      4.2953      4.1992      4.3044      4.2763      4.2307      4.3390      4.3295      4.3146      4.3920      4.3846      4.3731      
2018-06-07     2.6202      2.6619      2.6183      2.8184      2.8333      2.7989      3.7084      3.7098      3.6782      4.0152      3.9390      3.8824      4.3460      4.3110      4.2150      4.3066      4.2855      4.2384      4.3412      4.3328      4.3177      4.3934      4.3870      4.3756      
2018-06-08     2.5726      2.6654      2.6221      2.7934      2.8311      2.8018      3.6932      3.7073      3.6810      4.0328      3.9597      3.8952      4.3484      4.3246      4.2300      4.3080      4.2937      4.2462      4.3430      4.3358      4.3207      4.3946      4.3894      4.3780      
2018-06-11     2.5674      2.6694      2.6217      2.7850      2.8281      2.8037      3.6790      3.7039      3.6841      4.0508      3.9840      3.9093      4.3508      4.3357      4.2447      4.3092      4.3007      4.2538      4.3446      4.3388      4.3237      4.3956      4.3916      4.3803      
2018-06-12     2.5674      2.6536      2.6189      2.7824      2.8222      2.8045      3.6682      3.6983      3.6865      4.0632      4.0077      3.9230      4.3520      4.3427      4.2587      4.3110      4.3059      4.2610      4.3458      4.3411      4.3263      4.3966      4.3934      4.3825      
2018-06-13     2.5728      2.6241      2.6100      2.7840      2.8127      2.8028      3.6616      3.6910      3.6869      4.0750      4.0306      3.9368      4.3514      4.3466      4.2721      4.3138      4.3091      4.2677      4.3472      4.3431      4.3286      4.3978      4.3949      4.3843      
2018-06-14     2.5800      2.6001      2.6097      2.7892      2.8038      2.8031      3.6596      3.6840      3.6877      4.0864      4.0508      3.9506      4.3516      4.3488      4.2846      4.3170      4.3118      4.2741      4.3488      4.3450      4.3309      4.3988      4.3961      4.3860      
2018-06-15     2.5858      2.5792      2.6112      2.7968      2.7951      2.8052      3.6598      3.6765      3.6880      4.1008      4.0668      3.9652      4.3518      4.3501      4.2949      4.3212      4.3146      4.2806      4.3504      4.3467      4.3331      4.3992      4.3969      4.3875      
2018-06-19     2.5892      2.5783      2.6143      2.8034      2.7942      2.8078      3.6666      3.6728      3.6891      4.1130      4.0819      3.9808      4.3504      4.3506      4.3046      4.3234      4.3163      4.2865      4.3512      4.3479      4.3352      4.3996      4.3976      4.3889      
2018-06-20     2.5962      2.5818      2.6190      2.8100      2.7962      2.8112      3.6774      3.6728      3.6911      4.1270      4.0951      3.9968      4.3468      4.3494      4.3133      4.3252      4.3181      4.2924      4.3518      4.3488      4.3375      4.3998      4.3982      4.3904      
2018-06-21     2.5970      2.5849      2.6222      2.8150      2.7995      2.8148      3.6932      3.6774      3.6939      4.1382      4.1066      4.0126      4.3424      4.3469      4.3211      4.3254      4.3196      4.2980      4.3520      4.3496      4.3396      4.3998      4.3988      4.3917      
2018-06-22     2.5960      2.5880      2.6250      2.8170      2.8031      2.8182      3.7104      3.6850      3.6974      4.1470      4.1167      4.0279      4.3332      4.3424      4.3267      4.3232      4.3201      4.3028      4.3516      4.3502      4.3415      4.3994      4.3991      4.3931      
2018-06-25     2.5904      2.5881      2.6268      2.8202      2.8085      2.8198      3.7298      3.6948      3.7011      4.1486      4.1247      4.0422      4.3172      4.3345      4.3296      4.3168      4.3190      4.3064      4.3476      4.3490      4.3424      4.3966      4.3979      4.3937      
2018-06-26     2.5760      2.5826      2.6260      2.8246      2.8140      2.8211      3.7478      3.7072      3.7056      4.1448      4.1289      4.0565      4.3002      4.3253      4.3305      4.3112      4.3173      4.3090      4.3430      4.3471      4.3430      4.3928      4.3962      4.3939      
2018-06-27     2.5412      2.5687      2.6112      2.8270      2.8185      2.8204      3.7638      3.7206      3.7095      4.1328      4.1299      4.0688      4.2818      4.3143      4.3285      4.3008      4.3130      4.3095      4.3346      4.3432      4.3422      4.3868      4.3933      4.3934      
2018-06-28     2.4804      2.5387      2.5814      2.8302      2.8226      2.8177      3.7790      3.7361      3.7136      4.1142      4.1262      4.0784      4.2544      4.2984      4.3225      4.2846      4.3050      4.3071      4.3228      4.3374      4.3403      4.3772      4.3885      4.3917      
2018-06-29     2.4888      2.5424      2.5713      2.8388      2.8279      2.8159      3.7938      3.7521      3.7181      4.0902      4.1186      4.0847      4.2244      4.2788      4.3138      4.2668      4.2950      4.3034      4.3074      4.3295      4.3373      4.3638      4.3816      4.3889      
2018-07-02     2.4798      2.5351      2.5572      2.8296      2.8249      2.8100      3.7974      3.7636      3.7201      4.0642      4.1064      4.0866      4.1908      4.2540      4.3021      4.2454      4.2811      4.2979      4.2894      4.3185      4.3326      4.3464      4.3715      4.3842      
2018-07-03     2.4602      2.5181      2.5482      2.8072      2.8159      2.8051      3.7730      3.7604      3.7166      4.0157      4.0802      4.0811      4.1375      4.2188      4.2847      4.2113      4.2612      4.2888      4.2577      4.3003      4.3241      4.3150      4.3539      4.3757      
2018-07-04     2.4110      2.4761      2.5290      2.7728      2.7999      2.7981      3.7130      3.7384      3.7056      3.9427      4.0377      4.0664      4.0729      4.1773      4.2634      4.1667      4.2337      4.2759      4.2151      4.2748      4.3118      4.2708      4.3288      4.3635      
2018-07-05     2.3796      2.4300      2.5075      2.7256      2.7779      2.7887      3.6092      3.6941      3.6858      3.8441      3.9791      4.0429      3.9981      4.1262      4.2366      4.1125      4.1985      4.2591      4.1633      4.2430      4.2963      4.2168      4.2970      4.3479      
2018-07-06     2.2474      2.3681      2.4781      2.6708      2.7548      2.7790      3.4794      3.6366      3.6608      3.7271      3.9086      4.0127      3.9151      4.0697      4.2061      4.0487      4.1577      4.2389      4.1039      4.2056      4.2779      4.1584      4.2611      4.3301      
2018-07-09     2.1418      2.3108      2.4495      2.6352      2.7324      2.7705      3.3446      3.5710      3.6329      3.5943      3.8292      3.9770      3.8307      4.0107      4.1726      3.9841      4.1147      4.2169      4.0445      4.1669      4.2580      4.1006      4.2235      4.3107      
2018-07-10     2.1194      2.2898      2.4362      2.6228      2.7150      2.7645      3.2266      3.4998      3.6035      3.4748      3.7452      3.9371      3.7616      3.9495      4.1374      3.9284      4.0698      4.1936      3.9960      4.1268      4.2370      4.0546      4.1848      4.2905      
2018-07-11     2.1608      2.2859      2.4273      2.6262      2.6995      2.7590      3.1370      3.4250      3.5728      3.3766      3.6596      3.8948      3.7042      3.8885      4.1014      3.8822      4.0244      4.1687      3.9588      4.0869      4.2151      4.0200      4.1454      4.2693      
2018-07-12     2.2318      2.3057      2.4222      2.6424      2.6840      2.7533      3.0848      3.3470      3.5416      3.3068      3.5754      3.8508      3.6658      3.8319      4.0652      3.8492      3.9808      4.1429      3.9338      4.0485      4.1930      3.9974      4.1071      4.2478      
2018-07-13     2.3344      2.2909      2.4167      2.6620      2.6664      2.7472      3.0550      3.2672      3.5097      3.2592      3.4931      3.8059      3.6404      3.7777      4.0283      3.8282      3.9384      4.1167      3.9190      4.0114      4.1705      3.9818      4.0701      4.2258      
2018-07-16     2.4476      2.2947      2.4149      2.6814      2.6583      2.7416      3.0378      3.1912      3.4774      3.2332      3.4137      3.7601      3.6256      3.7281      3.9911      3.8142      3.8991      4.0901      3.9104      3.9774      4.1480      3.9724      4.0365      4.2040      
2018-07-17     2.5042      2.3118      2.4150      2.6906      2.6567      2.7363      3.0256      3.1261      3.4433      3.2192      3.3470      3.7136      3.6160      3.6888      3.9538      3.8048      3.8666      4.0639      3.9050      3.9505      4.1254      3.9674      4.0110      4.1824      
2018-07-18     2.5280      2.3444      2.4103      2.6952      2.6607      2.7303      3.0148      3.0759      3.4072      3.2138      3.2952      3.6665      3.6072      3.6557      3.9165      3.7994      3.8408      4.0373      3.9018      3.9303      4.1026      3.9660      3.9930      4.1609      
2018-07-19     2.5138      2.3728      2.4014      2.6946      2.6685      2.7232      3.0032      3.0440      3.3691      3.2090      3.2579      3.6185      3.5942      3.6300      3.8781      3.7936      3.8214      4.0100      3.8976      3.9157      4.0794      3.9646      3.9810      4.1390      
2018-07-20     2.4870      2.4107      2.3894      2.6924      2.6772      2.7160      2.9900      3.0225      3.3296      3.2040      3.2316      3.5701      3.5788      3.6096      3.8397      3.7834      3.8058      3.9818      3.8922      3.9056      4.0556      3.9630      3.9724      4.1167      
2018-07-23     2.4480      2.4478      2.3793      2.6842      2.6828      2.7076      2.9736      3.0057      3.2884      3.1944      3.2138      3.5215      3.5578      3.5917      3.8012      3.7682      3.7912      3.9530      3.8816      3.8960      4.0315      3.9552      3.9638      4.0936      
2018-07-24     2.4004      2.4523      2.3711      2.6746      2.6826      2.6988      2.9548      2.9902      3.2450      3.1756      3.1974      3.4713      3.5326      3.5743      3.7619      3.7462      3.7755      3.9227      3.8642      3.8846      4.0057      3.9408      3.9541      4.0694      
2018-07-25     2.3652      2.4466      2.3663      2.6676      2.6814      2.6905      2.9360      2.9754      3.2002      3.1534      3.1836      3.4216      3.4988      3.5530      3.7208      3.7144      3.7569      3.8907      3.8392      3.8705      3.9787      3.9172      3.9416      4.0435      
2018-07-26     2.3462      2.4300      2.3679      2.6630      2.6788      2.6814      2.9170      2.9601      3.1536      3.1280      3.1685      3.3720      3.4592      3.5267      3.6793      3.6704      3.7320      3.8564      3.8072      3.8524      3.9505      3.8872      3.9259      4.0165      
2018-07-27     2.3338      2.4104      2.3507      2.6588      2.6756      2.6710      2.8954      2.9427      3.1050      3.0984      3.1512      3.3222      3.4126      3.4957      3.6367      3.6236      3.7035      3.8210      3.7698      3.8310      3.9212      3.8528      3.9079      3.9890      
2018-07-30     2.3010      2.3745      2.3346      2.6574      2.6708      2.6646      2.8744      2.9240      3.0576      3.0648      3.1296      3.2717      3.3586      3.4582      3.5932      3.5654      3.6668      3.7830      3.7264      3.8040      3.8907      3.8156      3.8854      3.9609      
2018-07-31     2.2436      2.3220      2.3169      2.6560      2.6653      2.6610      2.8542      2.9045      3.0153      3.0336      3.1046      3.2258      3.2984      3.4155      3.5522      3.5034      3.6248      3.7457      3.6814      3.7728      3.8617      3.7786      3.8597      3.9354      
2018-08-01     2.1794      2.2723      2.3084      2.6470      2.6573      2.6590      2.8300      2.8830      2.9795      3.0000      3.0767      3.1860      3.2384      3.3686      3.5122      3.4432      3.5788      3.7098      3.6382      3.7387      3.8345      3.7448      3.8310      3.9120      
2018-08-02     2.1092      2.2277      2.3003      2.6318      2.6474      2.6580      2.7984      2.8577      2.9509      2.9626      3.0453      3.1516      3.1770      3.3181      3.4741      3.3858      3.5281      3.6748      3.5936      3.7004      3.8081      3.7076      3.7974      3.8892      
2018-08-03     2.0222      2.1780      2.2944      2.6060      2.6324      2.6548      2.7630      2.8292      2.9259      2.9230      3.0107      3.1212      3.1170      3.2648      3.4372      3.3256      3.4746      3.6402      3.5424      3.6561      3.7809      3.6616      3.7572      3.8648      
2018-08-06     1.9464      2.1237      2.2858      2.5696      2.6135      2.6482      2.7180      2.7962      2.9010      2.8824      2.9736      3.0937      3.0612      3.2099      3.4008      3.2678      3.4166      3.6039      3.4858      3.6061      3.7511      3.6092      3.7124      3.8381      
2018-08-07     1.8558      2.0497      2.2510      2.5172      2.5866      2.6346      2.6594      2.7568      2.8735      2.8350      2.9343      3.0659      3.0054      3.1519      3.3631      3.2054      3.3544      3.5650      3.4222      3.5518      3.7182      3.5458      3.6622      3.8082      
2018-08-08     1.7346      1.9570      2.2018      2.4618      2.5544      2.6179      2.5948      2.7124      2.8439      2.7836      2.8918      3.0377      2.9500      3.0942      3.3236      3.1378      3.2905      3.5237      3.3504      3.4943      3.6824      3.4722      3.6085      3.7751      
2018-08-09     1.6650      1.8871      2.1586      2.4350      2.5334      2.6061      2.5424      2.6704      2.8153      2.7354      2.8490      3.0088      2.9020      3.0395      3.2831      3.0748      3.2303      3.4812      3.2800      3.4368      3.6446      3.3982      3.5529      3.7394      
2018-08-10     1.6604      1.8413      2.1259      2.4152      2.5106      2.5931      2.5004      2.6317      2.7872      2.6912      2.8071      2.9792      2.8616      2.9893      3.2425      3.0172      3.1714      3.4375      3.2198      3.3811      3.6061      3.3368      3.4992      3.7036      
2018-08-13     1.7192      1.8328      2.1037      2.4196      2.4946      2.5827      2.4734      2.5957      2.7599      2.6536      2.7680      2.9488      2.8290      2.9451      3.2017      2.9714      3.1196      3.3932      3.1736      3.3297      3.5669      3.2888      3.4490      3.6672      
2018-08-14     1.8622      1.8590      2.0905      2.4602      2.4887      2.5770      2.4686      2.5640      2.7343      2.6306      2.7328      2.9187      2.8098      2.9076      3.1616      2.9428      3.0741      3.3495      3.1460      3.2841      3.5285      3.2628      3.4043      3.6320      
2018-08-15     2.0468      1.8907      2.0815      2.5136      2.4877      2.5725      2.4810      2.5379      2.7105      2.6212      2.7024      2.8896      2.8028      2.8764      3.1225      2.9298      3.0338      3.3063      3.1380      3.2442      3.4915      3.2570      3.3646      3.5978      
2018-08-16     2.2246      1.9448      2.0863      2.5510      2.4930      2.5702      2.5014      2.5219      2.6898      2.6204      2.6779      2.8616      2.8022      2.8521      3.0851      2.9282      3.0015      3.2648      3.1444      3.2122      3.4563      3.2716      3.3349      3.5662      
2018-08-17     2.3754      2.0179      2.0980      2.5958      2.5055      2.5690      2.5292      2.5148      2.6720      2.6278      2.6595      2.8351      2.8054      2.8335      3.0492      2.9374      2.9773      3.2260      3.1620      3.1909      3.4235      3.2956      3.3162      3.5367      
2018-08-20     2.4778      2.0985      2.1111      2.6324      2.5260      2.5698      2.5730      2.5232      2.6597      2.6424      2.6480      2.8108      2.8132      2.8211      3.0155      2.9538      2.9626      3.1896      3.1934      3.1835      3.3948      3.3298      3.3093      3.5109      
2018-08-21     2.5394      2.2008      2.1253      2.6508      2.5555      2.5711      2.6218      2.5452      2.6510      2.6586      2.6446      2.7895      2.8246      2.8172      2.9846      2.9794      2.9611      3.1578      3.2318      3.1889      3.3704      3.3660      3.3144      3.4883      
2018-08-22     2.5780      2.3124      2.1347      2.6608      2.5872      2.5708      2.6688      2.5749      2.6437      2.6726      2.6469      2.7694      2.8388      2.8208      2.9575      3.0086      2.9692      3.1299      3.2712      3.2046      3.3495      3.4072      3.3321      3.4703      
2018-08-23     2.5666      2.3956      2.1414      2.6632      2.6071      2.5703      2.7078      2.6046      2.6375      2.6910      2.6557      2.7524      2.8536      2.8279      2.9337      3.0450      2.9866      3.1085      3.3154      3.2299      3.3334      3.4438      3.3577      3.4553      
2018-08-24     2.5290      2.4522      2.1468      2.6556      2.6257      2.5682      2.7364      2.6328      2.6323      2.7080      2.6679      2.7375      2.8680      2.8367      2.9130      3.0820      3.0097      3.0906      3.3532      3.2576      3.3194      3.4732      3.3844      3.4418      
2018-08-27     2.4920      2.4849      2.1589      2.6492      2.6408      2.5677      2.7478      2.6604      2.6281      2.7230      2.6827      2.7254      2.8810      2.8471      2.8961      3.1170      3.0354      3.0775      3.3802      3.2868      3.3083      3.4944      3.4121      3.4306      
2018-08-28     2.4499      2.4947      2.1768      2.6424      2.6466      2.5677      2.7456      2.6837      2.6239      2.7342      2.6964      2.7146      2.8896      2.8571      2.8824      3.1454      3.0624      3.0683      3.3972      3.3145      3.2993      3.5080      3.4370      3.4207      
2018-08-29     2.4202      2.4991      2.1949      2.6392      2.6500      2.5689      2.7360      2.7024      2.6202      2.7424      2.7075      2.7050      2.8934      2.8661      2.8713      3.1716      3.0901      3.0620      3.4090      3.3401      3.2922      3.5116      3.4594      3.4120      
2018-08-30     2.3848      2.4757      2.2103      2.6374      2.6503      2.5717      2.7222      2.7150      2.6185      2.7416      2.7163      2.6971      2.8948      2.8742      2.8632      3.1878      3.1164      3.0590      3.4102      3.3628      3.2875      3.5104      3.4771      3.4060      
2018-08-31     2.3682      2.4486      2.2333      2.6416      2.6486      2.5771      2.7086      2.7225      2.6187      2.7380      2.7230      2.6913      2.8958      2.8819      2.8577      3.1980      3.1400      3.0587      3.4116      3.3824      3.2867      3.5088      3.4910      3.4036      
2018-09-03     2.3356      2.4138      2.2562      2.6374      2.6433      2.5847      2.6922      2.7200      2.6216      2.7310      2.7270      2.6875      2.8942      2.8876      2.8544      3.2050      3.1610      3.0618      3.4120      3.3961      3.2898      3.5068      3.5006      3.4050      
2018-09-04     2.2895      2.3697      2.2853      2.6280      2.6352      2.5954      2.6758      2.7107      2.6280      2.7222      2.7282      2.6864      2.8900      2.8898      2.8535      3.2070      3.1762      3.0687      3.4118      3.4045      3.2967      3.5040      3.5060      3.4102      
2018-09-05     2.2444      2.3323      2.3224      2.6092      2.6242      2.6057      2.6600      2.6980      2.6365      2.7130      2.7277      2.6873      2.8806      2.8870      2.8539      3.2056      3.1886      3.0789      3.4102      3.4096      3.3071      3.5022      3.5069      3.4195      
2018-09-06     2.2878      2.3363      2.3660      2.6078      2.6226      2.6149      2.6504      2.6863      2.6455      2.7076      2.7246      2.6902      2.8708      2.8828      2.8554      3.2040      3.1959      3.0913      3.4094      3.4098      3.3199      3.5010      3.5057      3.4317      
2018-09-07     2.3442      2.3562      2.4042      2.6158      2.6287      2.6272      2.6554      2.6820      2.6574      2.7060      2.7220      2.6950      2.8622      2.8790      2.8579      3.2030      3.2005      3.1051      3.4082      3.4099      3.3338      3.5004      3.5046      3.4445      
2018-09-10     2.4034      2.3695      2.4272      2.6274      2.6324      2.6366      2.6654      2.6788      2.6696      2.7074      2.7192      2.7010      2.8532      2.8737      2.8604      3.2034      3.2042      3.1198      3.4084      3.4102      3.3485      3.5000      3.5034      3.4578      
2018-09-11     2.4824      2.3860      2.4403      2.6446      2.6363      2.6415      2.6832      2.6795      2.6816      2.7132      2.7177      2.7071      2.8472      2.8686      2.8629      3.2050      3.2060      3.1342      3.4104      3.4111      3.3628      3.5002      3.5021      3.4696      
2018-09-12     2.5610      2.4027      2.4509      2.6692      2.6392      2.6446      2.7054      2.6827      2.6926      2.7242      2.7186      2.7131      2.8464      2.8635      2.8648      3.2082      3.2069      3.1485      3.4172      3.4137      3.3769      3.5028      3.5025      3.4810      
2018-09-13     2.5682      2.4280      2.4519      2.6752      2.6415      2.6459      2.7242      2.6873      2.7012      2.7362      2.7219      2.7191      2.8460      2.8584      2.8663      3.2124      3.2082      3.1623      3.4252      3.4173      3.3901      3.5070      3.5040      3.4906      
2018-09-14     2.5478      2.4460      2.4473      2.6696      2.6427      2.6457      2.7260      2.6907      2.7066      2.7450      2.7255      2.7243      2.8418      2.8520      2.8670      3.2168      3.2099      3.1750      3.4338      3.4210      3.4017      3.5115      3.5060      3.4985      
2018-09-17     2.5264      2.4649      2.4394      2.6616      2.6445      2.6439      2.7242      2.6948      2.7074      2.7502      2.7288      2.7279      2.8378      2.8455      2.8666      3.2204      3.2119      3.1865      3.4406      3.4245      3.4103      3.5147      3.5074      3.5040      
2018-09-18     2.5392      2.5108      2.4403      2.6614      2.6530      2.6441      2.7210      2.7021      2.7064      2.7538      2.7335      2.7309      2.8322      2.8397      2.8648      3.2244      3.2147      3.1955      3.4466      3.4285      3.4165      3.5173      3.5088      3.5074      
2018-09-19     2.5402      2.5506      2.4415      2.6600      2.6646      2.6444      2.7180      2.7117      2.7049      2.7538      2.7390      2.7334      2.8266      2.8365      2.8618      3.2282      3.2182      3.2034      3.4498      3.4335      3.4216      3.5173      3.5101      3.5085      
2018-09-20     2.5380      2.5531      2.4447      2.6592      2.6672      2.6449      2.7182      2.7212      2.7038      2.7524      2.7443      2.7345      2.8204      2.8332      2.8580      3.2320      3.2222      3.2091      3.4500      3.4376      3.4237      3.5155      3.5113      3.5085      
2018-09-21     2.5430      2.5454      2.4508      2.6610      2.6653      2.6470      2.7246      2.7253      2.7037      2.7520      2.7485      2.7353      2.8174      2.8296      2.8543      3.2368      3.2268      3.2137      3.4502      3.4420      3.4260      3.5142      3.5129      3.5087      
2018-09-25     2.5584      2.5424      2.4560      2.6716      2.6666      2.6495      2.7416      2.7329      2.7059      2.7564      2.7533      2.7363      2.8184      2.8281      2.8509      3.2428      3.2316      3.2179      3.4528      3.4467      3.4285      3.5150      3.5149      3.5091      
2018-09-26     2.5382      2.5387      2.4623      2.6768      2.6691      2.6527      2.7736      2.7473      2.7134      2.7628      2.7583      2.7380      2.8204      2.8263      2.8475      3.2496      3.2370      3.2215      3.4580      3.4523      3.4317      3.5168      3.5171      3.5096      
2018-09-27     2.5178      2.5290      2.4659      2.6876      2.6738      2.6565      2.8270      2.7725      2.7276      2.7724      2.7631      2.7409      2.8244      2.8255      2.8445      3.2576      3.2429      3.2249      3.4642      3.4570      3.4354      3.5194      3.5184      3.5104      
2018-09-28     2.5030      2.5205      2.4743      2.7018      2.6805      2.6610      2.9058      2.8120      2.7497      2.7818      2.7671      2.7445      2.8306      2.8255      2.8420      3.2658      3.2489      3.2286      3.4718      3.4609      3.4391      3.5224      3.5190      3.5115      
2018-09-29     2.4148      2.4789      2.4625      2.7276      2.6943      2.6685      3.0186      2.8716      2.7812      2.7914      2.7717      2.7486      2.8368      2.8271      2.8396      3.2732      3.2550      3.2325      3.4790      3.4646      3.4428      3.5234      3.5188      3.5124      
2018-09-30     2.4368      2.4976      2.4813      2.7424      2.7070      2.6758      3.1550      2.9483      2.8216      2.7976      2.7770      2.7529      2.8408      2.8296      2.8376      3.2792      3.2610      3.2365      3.4846      3.4687      3.4466      3.5236      3.5193      3.5133      
2018-10-08     2.4334      2.4858      2.4983      2.7316      2.7042      2.6786      3.1324      2.9530      2.8276      2.7968      2.7798      2.7567      2.8420      2.8312      2.8355      3.2796      3.2646      3.2397      3.4848      3.4714      3.4500      3.5214      3.5191      3.5139      
2018-10-09     2.4418      2.4798      2.5152      2.7138      2.7007      2.6827      3.0758      2.9514      2.8316      2.7838      2.7781      2.7586      2.8376      2.8310      2.8338      3.2762      3.2669      3.2426      3.4808      3.4725      3.4530      3.5170      3.5182      3.5141      
2018-10-10     2.4324      2.4677      2.5104      2.6914      2.6966      2.6819      2.9850      2.9454      2.8333      2.7648      2.7733      2.7588      2.8310      2.8308      2.8320      3.2704      3.2681      3.2452      3.4754      3.4736      3.4556      3.5120      3.5172      3.5142      
2018-10-11     2.4898      2.4523      2.4989      2.6570      2.6923      2.6788      2.8530      2.9358      2.8306      2.7428      2.7671      2.7578      2.8220      2.8294      2.8295      3.2636      3.2684      3.2476      3.4686      3.4738      3.4579      3.5090      3.5162      3.5145      
2018-10-12     2.4470      2.4419      2.4922      2.6268      2.6846      2.6756      2.6872      2.9211      2.8270      2.7188      2.7582      2.7558      2.8126      2.8267      2.8274      3.2562      3.2677      3.2497      3.4614      3.4730      3.4599      3.5058      3.5147      3.5148      
2018-10-15     2.4152      2.4243      2.4815      2.6178      2.6747      2.6719      2.6614      2.8969      2.8221      2.6962      2.7465      2.7524      2.8056      2.8238      2.8251      3.2530      3.2663      3.2517      3.4564      3.4706      3.4615      3.5044      3.5129      3.5150      
2018-10-16     2.3894      2.4156      2.4723      2.6118      2.6628      2.6683      2.6474      2.8616      2.8171      2.6810      2.7324      2.7478      2.8024      2.8200      2.8228      3.2520      3.2641      3.2535      3.4536      3.4672      3.4621      3.5046      3.5108      3.5146      
2018-10-17     2.3804      2.4064      2.4635      2.6090      2.6502      2.6654      2.6392      2.8121      2.8121      2.6702      2.7175      2.7423      2.8040      2.8175      2.8215      3.2522      3.2613      3.2551      3.4518      3.4636      3.4623      3.5052      3.5086      3.5138      
2018-10-18     2.3938      2.4418      2.4604      2.6090      2.6330      2.6637      2.6366      2.7448      2.8082      2.6620      2.7024      2.7371      2.8102      2.8161      2.8216      3.2540      3.2588      3.2569      3.4514      3.4600      3.4623      3.5048      3.5069      3.5129      
2018-10-19     2.3950      2.4210      2.4593      2.6104      2.6186      2.6628      2.6374      2.6623      2.8053      2.6566      2.6877      2.7324      2.8186      2.8156      2.8226      3.2574      3.2568      3.2589      3.4520      3.4567      3.4627      3.5052      3.5055      3.5124      
2018-10-22     2.4146      2.4149      2.4504      2.6144      2.6161      2.6602      2.6400      2.6507      2.8019      2.6556      2.6759      2.7279      2.8326      2.8191      2.8252      3.2622      3.2576      3.2611      3.4560      3.4562      3.4638      3.5074      3.5059      3.5125      
2018-10-23     2.4302      2.4098      2.4448      2.6208      2.6163      2.6585      2.6440      2.6457      2.7986      2.6584      2.6697      2.7239      2.8532      2.8278      2.8294      3.2694      3.2607      3.2638      3.4636      3.4586      3.4656      3.5128      3.5087      3.5135      
2018-10-24     2.4382      2.4093      2.4385      2.6262      2.6176      2.6571      2.6482      2.6437      2.7946      2.6632      2.6667      2.7200      2.8744      2.8392      2.8350      3.2778      3.2650      3.2666      3.4732      3.4625      3.4681      3.5206      3.5129      3.5151      
2018-10-25     2.3958      2.3948      2.4236      2.6300      2.6195      2.6559      2.6510      2.6438      2.7898      2.6680      2.6650      2.7161      2.8976      2.8539      2.8417      3.2852      3.2696      3.2690      3.4836      3.4675      3.4707      3.5302      3.5175      3.5169      
2018-10-26     2.3202      2.3576      2.3998      2.6292      2.6198      2.6522      2.6514      2.6444      2.7828      2.6716      2.6641      2.7112      2.9196      2.8691      2.8479      3.2912      3.2743      3.2710      3.4928      3.4724      3.4727      3.5388      3.5220      3.5184      
2018-10-29     2.1956      2.3051      2.3647      2.6246      2.6195      2.6471      2.6516      2.6458      2.7714      2.6734      2.6645      2.7055      2.9370      2.8848      2.8543      3.2952      3.2787      3.2725      3.4990      3.4775      3.4741      3.5456      3.5265      3.5197      
2018-10-30     2.0186      2.2244      2.3200      2.6172      2.6190      2.6409      2.6490      2.6465      2.7541      2.6716      2.6650      2.6987      2.9478      2.9005      2.8603      3.2964      3.2829      3.2735      3.5016      3.4826      3.4749      3.5492      3.5310      3.5209      
2018-10-31     2.0140      2.2261      2.3163      2.6340      2.6301      2.6402      2.6644      2.6563      2.7342      2.6744      2.6688      2.6932      2.9556      2.9150      2.8663      3.2968      3.2873      3.2743      3.5028      3.4880      3.4758      3.5504      3.5355      3.5221      
2018-11-01     2.0804      2.2381      2.3400      2.6426      2.6363      2.6347      2.6724      2.6617      2.7033      2.6786      2.6733      2.6879      2.9612      2.9294      2.8728      3.2968      3.2910      3.2749      3.5026      3.4931      3.4766      3.5500      3.5401      3.5235      
2018-11-02     2.1624      2.2413      2.3312      2.6488      2.6390      2.6288      2.6748      2.6631      2.6627      2.6828      2.6772      2.6825      2.9670      2.9433      2.8795      3.2966      3.2939      3.2754      3.5032      3.4980      3.4774      3.5500      3.5444      3.5250      
2018-11-05     2.2789      2.2373      2.3261      2.6546      2.6396      2.6279      2.6750      2.6633      2.6570      2.6866      2.6800      2.6780      2.9726      2.9548      2.8870      3.2960      3.2956      3.2766      3.5038      3.5014      3.4788      3.5500      3.5478      3.5269      
2018-11-06     2.4197      2.2192      2.3145      2.6576      2.6374      2.6269      2.6762      2.6626      2.6542      2.6908      2.6812      2.6755      2.9794      2.9636      2.8957      3.2958      3.2961      3.2784      3.5044      3.5030      3.4808      3.5500      3.5496      3.5292      
2018-11-07     2.3638      2.1889      2.2991      2.6336      2.6338      2.6257      2.6554      2.6599      2.6518      2.6890      2.6817      2.6742      2.9862      2.9709      2.9051      3.2956      3.2962      3.2806      3.5046      3.5037      3.4831      3.5502      3.5503      3.5316      
2018-11-08     2.2500      2.1652      2.2800      2.6190      2.6308      2.6252      2.6410      2.6567      2.6503      2.6854      2.6820      2.6735      2.9910      2.9761      2.9150      3.2960      3.2964      3.2830      3.5050      3.5038      3.4857      3.5502      3.5501      3.5338      
2018-11-09     2.1622      2.1623      2.2600      2.6090      2.6289      2.6244      2.6320      2.6534      2.6489      2.6808      2.6818      2.6730      2.9950      2.9810      2.9251      3.2968      3.2967      3.2855      3.5058      3.5045      3.4885      3.5506      3.5503      3.5362      
2018-11-12     2.1371      2.2080      2.2566      2.6062      2.6304      2.6250      2.6270      2.6510      2.6484      2.6776      2.6821      2.6733      2.9980      2.9853      2.9351      3.2980      3.2970      3.2879      3.5068      3.5053      3.4914      3.5512      3.5506      3.5386      
2018-11-13     2.1767      2.2982      2.2613      2.6102      2.6339      2.6265      2.6250      2.6506      2.6486      2.6778      2.6843      2.6747      3.0006      2.9900      2.9453      3.2992      3.2975      3.2902      3.5092      3.5068      3.4947      3.5528      3.5514      3.5412      
2018-11-14     2.2236      2.2937      2.2599      2.6176      2.6256      2.6279      2.6274      2.6414      2.6489      2.6788      2.6839      2.6764      3.0028      2.9945      2.9548      3.2994      3.2975      3.2924      3.5106      3.5076      3.4978      3.5534      3.5518      3.5437      
2018-11-15     2.2958      2.2729      2.2555      2.6234      2.6212      2.6288      2.6312      2.6361      2.6489      2.6802      2.6828      2.6781      3.0048      2.9979      2.9637      3.2988      3.2974      3.2942      3.5118      3.5084      3.5008      3.5534      3.5518      3.5460      
2018-11-16     2.3572      2.2597      2.2505      2.6294      2.6192      2.6291      2.6360      2.6340      2.6486      2.6828      2.6818      2.6795      3.0092      3.0021      2.9727      3.2982      3.2975      3.2957      3.5126      3.5092      3.5036      3.5536      3.5521      3.5483      
2018-11-19     2.4056      2.2714      2.2543      2.6332      2.6197      2.6297      2.6406      2.6338      2.6486      2.6850      2.6813      2.6807      3.0160      3.0070      2.9809      3.2968      3.2974      3.2965      3.5126      3.5097      3.5056      3.5532      3.5522      3.5500      
2018-11-20     2.4338      2.3053      2.2622      2.6396      2.6249      2.6312      2.6488      2.6369      2.6498      2.6872      2.6825      2.6819      3.0258      3.0132      2.9884      3.2956      3.2974      3.2968      3.5104      3.5098      3.5064      3.5502      3.5515      3.5506      
2018-11-21     2.4846      2.3541      2.2715      2.6444      2.6310      2.6324      2.6568      2.6421      2.6510      2.6896      2.6842      2.6830      3.0362      3.0195      2.9952      3.2934      3.2964      3.2963      3.5088      3.5097      3.5067      3.5482      3.5508      3.5506      
2018-11-22     2.5080      2.4019      2.2836      2.6470      2.6352      2.6330      2.6628      2.6470      2.6519      2.6920      2.6861      2.6841      3.0470      3.0259      3.0010      3.2904      3.2946      3.2955      3.5054      3.5086      3.5062      3.5452      3.5493      3.5497      
2018-11-23     2.5102      2.4337      2.2980      2.6468      2.6381      2.6335      2.6656      2.6508      2.6521      2.6934      2.6881      2.6850      3.0570      3.0331      3.0071      3.2860      3.2921      3.2944      3.5010      3.5068      3.5057      3.5404      3.5470      3.5487      
2018-11-26     2.4996      2.4526      2.3303      2.6470      2.6401      2.6353      2.6678      2.6542      2.6526      2.6948      2.6899      2.6860      3.0670      3.0415      3.0134      3.2828      3.2898      3.2934      3.4966      3.5046      3.5050      3.5352      3.5442      3.5474      
2018-11-27     2.4890      2.4614      2.3798      2.6426      2.6411      2.6375      2.6652      2.6570      2.6538      2.6950      2.6911      2.6877      3.0756      3.0507      3.0204      3.2796      3.2876      3.2926      3.4930      3.5017      3.5043      3.5320      3.5411      3.5463      
2018-11-28     2.4810      2.4828      2.3883      2.6414      2.6429      2.6343      2.6622      2.6595      2.6505      2.6954      2.6925      2.6882      3.0844      3.0603      3.0274      3.2776      3.2855      3.2915      3.4894      3.4991      3.5034      3.5288      3.5385      3.5452      
2018-11-29     2.4422      2.4751      2.3740      2.6430      2.6450      2.6331      2.6612      2.6620      2.6491      2.6954      2.6937      2.6882      3.0935      3.0702      3.0341      3.2767      3.2836      3.2905      3.4871      3.4963      3.5023      3.5274      3.5363      3.5440      
2018-11-30     2.4994      2.5048      2.3823      2.6512      2.6490      2.6341      2.6648      2.6652      2.6496      2.6974      2.6954      2.6886      3.1015      3.0792      3.0407      3.2775      3.2818      3.2896      3.4855      3.4933      3.5012      3.5270      3.5337      3.5429      
2018-12-03     2.5028      2.5012      2.3863      2.6460      2.6465      2.6331      2.6622      2.6650      2.6494      2.7016      2.6982      2.6897      3.1079      3.0874      3.0472      3.2771      3.2800      3.2887      3.4835      3.4901      3.4999      3.5274      3.5313      3.5417      
2018-12-04     2.4806      2.4848      2.3950      2.6416      2.6421      2.6335      2.6576      2.6614      2.6492      2.7112      2.7031      2.6928      3.1139      3.0947      3.0540      3.2765      3.2781      3.2877      3.4817      3.4874      3.4986      3.5274      3.5297      3.5406      
2018-12-05     2.4262      2.4536      2.4039      2.6278      2.6346      2.6328      2.6476      2.6549      2.6485      2.7278      2.7116      2.6979      3.1197      3.1020      3.0608      3.2763      3.2770      3.2867      3.4801      3.4848      3.4972      3.5270      3.5279      3.5393      
2018-12-06     2.4574      2.4498      2.4259      2.6178      2.6304      2.6328      2.6374      2.6493      2.6482      2.7504      2.7229      2.7045      3.1244      3.1089      3.0674      3.2760      3.2764      3.2855      3.4790      3.4831      3.4958      3.5264      3.5269      3.5381      
2018-12-07     2.4122      2.4558      2.4448      2.6062      2.6287      2.6334      2.6264      2.6456      2.6482      2.7758      2.7366      2.7123      3.1290      3.1152      3.0742      3.2756      3.2766      3.2843      3.4780      3.4818      3.4943      3.5260      3.5265      3.5367      
2018-12-10     2.3998      2.4513      2.4520      2.6056      2.6258      2.6330      2.6212      2.6417      2.6480      2.8006      2.7511      2.7205      3.1340      3.1209      3.0812      3.2760      3.2766      3.2832      3.4780      3.4808      3.4927      3.5258      3.5266      3.5354      
2018-12-11     2.4034      2.4420      2.4517      2.6062      2.6239      2.6325      2.6180      2.6378      2.6474      2.8212      2.7662      2.7286      3.1378      3.1258      3.0883      3.2758      3.2762      3.2819      3.4774      3.4796      3.4906      3.5246      3.5260      3.5335      
2018-12-12     2.4348      2.4305      2.4567      2.6152      2.6215      2.6322      2.6216      2.6346      2.6471      2.8396      2.7837      2.7381      3.1406      3.1301      3.0952      3.2754      3.2759      3.2807      3.4772      3.4787      3.4889      3.5238      3.5254      3.5319      
2018-12-13     2.4550      2.4562      2.4657      2.6224      2.6201      2.6326      2.6268      2.6321      2.6471      2.8576      2.8040      2.7488      3.1438      3.1341      3.1022      3.2750      3.2755      3.2795      3.4770      3.4780      3.4871      3.5228      3.5246      3.5304      
2018-12-14     2.5028      2.4575      2.4812      2.6368      2.6215      2.6353      2.6384      2.6324      2.6488      2.8852      2.8305      2.7629      3.1478      3.1384      3.1088      3.2744      3.2750      3.2784      3.4772      3.4776      3.4854      3.5218      3.5239      3.5288      
2018-12-17     2.5372      2.4685      2.4849      2.6532      2.6294      2.6380      2.6594      2.6403      2.6527      2.9180      2.8593      2.7787      3.1522      3.1431      3.1153      3.2740      3.2750      3.2775      3.4776      3.4778      3.4839      3.5206      3.5232      3.5272      
2018-12-18     2.5784      2.4909      2.4879      2.6672      2.6367      2.6394      2.6878      2.6529      2.6572      2.9552      2.8882      2.7956      3.1580      3.1479      3.1213      3.2748      3.2753      3.2767      3.4790      3.4782      3.4828      3.5208      3.5227      3.5262      
2018-12-19     2.6244      2.5296      2.4916      2.6800      2.6476      2.6411      2.7192      2.6704      2.6627      2.9898      2.9147      2.8131      3.1648      3.1527      3.1274      3.2756      3.2755      3.2762      3.4800      3.4786      3.4817      3.5212      3.5225      3.5252      
2018-12-20     2.6340      2.5445      2.4972      2.6880      2.6552      2.6428      2.7554      2.6911      2.6702      3.0322      2.9449      2.8339      3.1748      3.1593      3.1341      3.2774      3.2762      3.2763      3.4808      3.4789      3.4810      3.5220      3.5224      3.5246      
2018-12-21     2.6002      2.5515      2.5037      2.6812      2.6590      2.6439      2.7934      2.7159      2.6808      3.0698      2.9775      2.8570      3.1854      3.1666      3.1409      3.2794      3.2769      3.2767      3.4810      3.4791      3.4804      3.5214      3.5216      3.5240      
2018-12-24     2.5384      2.5378      2.4946      2.6736      2.6634      2.6446      2.8540      2.7567      2.6992      3.1158      3.0169      2.8840      3.1986      3.1754      3.1482      3.2816      3.2778      3.2772      3.4810      3.4793      3.4800      3.5208      3.5207      3.5236      
2018-12-25     2.4102      2.4943      2.4682      2.6654      2.6663      2.6451      2.9266      2.8072      2.7225      3.1694      3.0623      2.9142      3.2184      3.1882      3.1570      3.2838      3.2793      3.2777      3.4806      3.4798      3.4797      3.5200      3.5204      3.5232      
2018-12-26     2.2852      2.4548      2.4427      2.6618      2.6709      2.6462      3.0156      2.8674      2.7510      3.2394      3.1146      2.9491      3.2440      3.2044      3.1673      3.2864      3.2810      3.2784      3.4802      3.4801      3.4794      3.5192      3.5202      3.5228      
2018-12-27     2.1304      2.3822      2.4192      2.6656      2.6768      2.6485      3.1162      2.9358      2.7840      3.3110      3.1716      2.9878      3.2720      3.2234      3.1788      3.2888      3.2831      3.2793      3.4800      3.4804      3.4792      3.5184      3.5202      3.5224      
2018-12-28     1.9272      2.2637      2.3606      2.6800      2.6806      2.6511      3.2166      3.0050      2.8187      3.3786      3.2242      3.0274      3.3016      3.2435      3.1910      3.2914      3.2854      3.2802      3.4800      3.4805      3.4791      3.5192      3.5203      3.5221      
2018-12-29     1.9748      2.2566      2.3626      2.7288      2.7012      2.6653      3.2904      3.0722      2.8563      3.4266      3.2712      3.0653      3.3248      3.2617      3.2024      3.2940      3.2878      3.2814      3.4794      3.4802      3.4790      3.5194      3.5201      3.5217      
