日期           O/N                                 1W                                  2W                                  1M                                  3M                                  6M                                  9M                                  1Y                                  
===========================================================================================================================================
               5日均值     10日均值    20日均值    5日均值     10日均值    20日均值    5日均值     10日均值    20日均值    5日均值     10日均值    20日均值    5日均值     10日均值    20日均值    5日均值     10日均值    20日均值    5日均值     10日均值    20日均值    5日均值     10日均值    20日均值    
2015-01-04     3.4898      3.5579      3.1323      4.7380      5.0682      4.3215      5.5126      5.6166      4.9067      5.6716      5.8275      5.2383      5.1400      5.1290      4.7732      4.7495      4.7130      4.5509      4.6158      4.5992      4.5463      4.7214      4.7086      4.6800      
2015-01-05     3.4768      3.5394      3.1720      4.7200      5.0040      4.3882      5.5598      5.6511      4.9921      5.5530      5.7953      5.2956      5.1353      5.1414      4.8186      4.7483      4.7301      4.5710      4.6195      4.6061      4.5533      4.7282      4.7147      4.6847      
2015-01-06     3.4002      3.4724      3.1915      4.6254      4.8499      4.4293      5.4758      5.5428      5.0429      5.4426      5.7071      5.3391      5.1230      5.1384      4.8610      4.7478      4.7401      4.5910      4.6257      4.6126      4.5612      4.7351      4.7205      4.6899      
2015-01-07     3.3004      3.3938      3.2036      4.4722      4.6719      4.4514      5.3470      5.4133      5.0820      5.3272      5.5894      5.3720      5.0988      5.1242      4.9002      4.7488      4.7462      4.6110      4.6318      4.6190      4.5695      4.7410      4.7253      4.6952      
2015-01-08     3.1608      3.3162      3.2129      4.2934      4.5279      4.4659      5.1630      5.3160      5.1171      5.1702      5.4609      5.3936      5.0644      5.1039      4.9359      4.7496      4.7487      4.6307      4.6375      4.6246      4.5781      4.7447      4.7298      4.7004      
2015-01-09     2.9938      3.2418      3.2209      4.0644      4.4012      4.4775      4.9438      5.2282      5.1462      5.0006      5.3361      5.4092      5.0218      5.0809      4.9664      4.7482      4.7489      4.6500      4.6428      4.6293      4.5866      4.7468      4.7341      4.7056      
2015-01-12     2.8602      3.1685      3.2260      3.8718      4.2959      4.4862      4.7550      5.1574      5.1721      4.8842      5.2186      5.4197      4.9780      5.0567      4.9951      4.7482      4.7483      4.6691      4.6489      4.6342      4.5953      4.7482      4.7382      4.7106      
2015-01-13     2.7872      3.0937      3.2266      3.7696      4.1975      4.4925      4.7004      5.0881      5.1958      4.8212      5.1319      5.4245      4.9437      5.0334      5.0194      4.7494      4.7486      4.6880      4.6529      4.6393      4.6037      4.7491      4.7421      4.7156      
2015-01-14     2.7382      3.0193      3.2250      3.7624      4.1173      4.5025      4.7118      5.0294      5.2222      4.7904      5.0588      5.4185      4.9195      5.0092      5.0360      4.7495      4.7492      4.7048      4.6564      4.6441      4.6118      4.7496      4.7453      4.7204      
2015-01-15     2.6984      2.9296      3.2183      3.7820      4.0377      4.5101      4.7360      4.9495      5.2403      4.7892      4.9797      5.3945      4.9057      4.9851      5.0439      4.7508      4.7502      4.7192      4.6608      4.6491      4.6195      4.7502      4.7474      4.7247      
2015-01-16     2.6640      2.8289      3.1934      3.8040      3.9342      4.5012      4.7476      4.8457      5.2312      4.7916      4.8961      5.3618      4.8985      4.9602      5.0446      4.7536      4.7509      4.7319      4.6665      4.6546      4.6269      4.7508      4.7488      4.7287      
2015-01-19     2.6454      2.7528      3.1461      3.8178      3.8448      4.4244      4.7486      4.7518      5.2015      4.7932      4.8387      5.3170      4.8961      4.9371      5.0392      4.7572      4.7527      4.7414      4.6718      4.6604      4.6332      4.7519      4.7501      4.7324      
2015-01-20     2.6534      2.7203      3.0964      3.8282      3.7989      4.3244      4.7538      4.7271      5.1350      4.8051      4.8132      5.2601      4.8944      4.9191      5.0288      4.7605      4.7550      4.7475      4.6802      4.6666      4.6396      4.7546      4.7519      4.7362      
2015-01-21     2.6838      2.7110      3.0524      3.8254      3.7939      4.2329      4.8020      4.7569      5.0851      4.8339      4.8122      5.2008      4.8948      4.9072      5.0157      4.7655      4.7575      4.7519      4.6893      4.6728      4.6459      4.7582      4.7539      4.7396      
2015-01-22     2.7118      2.7051      3.0107      3.8318      3.8069      4.1674      4.8558      4.7959      5.0560      4.8723      4.8308      5.1458      4.8960      4.9009      5.0024      4.7692      4.7600      4.7544      4.6976      4.6792      4.6519      4.7622      4.7562      4.7430      
2015-01-23     2.7308      2.6974      2.9696      3.8678      3.8359      4.1186      4.9112      4.8294      5.0288      4.9193      4.8555      5.0958      4.8984      4.8985      4.9897      4.7719      4.7628      4.7558      4.7052      4.6858      4.6576      4.7666      4.7587      4.7464      
2015-01-26     2.7364      2.6909      2.9297      3.8856      3.8517      4.0738      4.9558      4.8522      5.0048      4.9581      4.8757      5.0471      4.8983      4.8972      4.9769      4.7736      4.7654      4.7568      4.7137      4.6928      4.6635      4.7704      4.7612      4.7497      
2015-01-27     2.7298      2.6916      2.8927      3.9072      3.8677      4.0326      4.9820      4.8679      4.9780      4.9820      4.8935      5.0127      4.8983      4.8964      4.9649      4.7749      4.7677      4.7581      4.7217      4.7009      4.6701      4.7729      4.7638      4.7529      
2015-01-28     2.7102      2.6970      2.8582      3.9222      3.8738      3.9956      4.9460      4.8740      4.9517      4.9880      4.9110      4.9849      4.8984      4.8966      4.9529      4.7763      4.7709      4.7600      4.7305      4.7099      4.6770      4.7750      4.7666      4.7560      
2015-01-29     2.7090      2.7104      2.8200      3.9330      3.8824      3.9601      4.9098      4.8828      4.9162      4.9879      4.9301      4.9549      4.8998      4.8979      4.9415      4.7793      4.7743      4.7622      4.7396      4.7186      4.6839      4.7764      4.7693      4.7584      
2015-01-30     2.7260      2.7284      2.7787      3.9326      3.9002      3.9172      4.8824      4.8968      4.8713      4.9843      4.9518      4.9240      4.9024      4.9004      4.9303      4.7828      4.7773      4.7641      4.7490      4.7271      4.6908      4.7783      4.7724      4.7606      
2015-02-02     2.7662      2.7513      2.7521      4.0000      3.9428      3.8938      4.8744      4.9151      4.8335      4.9971      4.9776      4.9082      4.9070      4.9026      4.9199      4.7872      4.7804      4.7665      4.7565      4.7351      4.6977      4.7803      4.7754      4.7627      
2015-02-03     2.8223      2.7760      2.7482      4.1007      4.0039      3.9014      4.8884      4.9352      4.8311      5.0173      4.9996      4.9064      4.9109      4.9046      4.9118      4.7915      4.7832      4.7691      4.7615      4.7416      4.7041      4.7822      4.7776      4.7647      
2015-02-04     2.8789      2.7945      2.7528      4.2065      4.0643      3.9291      4.9048      4.9254      4.8411      5.0382      5.0131      4.9126      4.9164      4.9074      4.9073      4.7947      4.7855      4.7715      4.7649      4.7477      4.7103      4.7842      4.7796      4.7668      
2015-02-05     2.8991      2.8040      2.7546      4.3031      4.1180      3.9625      4.9032      4.9065      4.8512      5.0506      5.0192      4.9250      4.9182      4.9090      4.9049      4.7948      4.7870      4.7735      4.7648      4.7522      4.7157      4.7850      4.7807      4.7685      
2015-02-06     2.9077      2.8168      2.7571      4.3697      4.1511      3.9935      4.8902      4.8863      4.8578      5.0572      5.0207      4.9381      4.9170      4.9097      4.9041      4.7932      4.7880      4.7754      4.7630      4.7560      4.7209      4.7843      4.7813      4.7700      
2015-02-09     2.8923      2.8292      2.7601      4.3853      4.1926      4.0222      4.8698      4.8721      4.8621      5.0526      5.0248      4.9502      4.9145      4.9108      4.9040      4.7899      4.7885      4.7770      4.7607      4.7586      4.7257      4.7831      4.7817      4.7714      
2015-02-10     2.8718      2.8470      2.7693      4.3708      4.2357      4.0517      4.8382      4.8633      4.8656      5.0454      5.0314      4.9624      4.9110      4.9110      4.9037      4.7860      4.7887      4.7782      4.7570      4.7592      4.7301      4.7818      4.7820      4.7729      
2015-02-11     2.8636      2.8712      2.7841      4.3694      4.2879      4.0809      4.8100      4.8574      4.8657      5.0386      5.0384      4.9747      4.9054      4.9109      4.9038      4.7815      4.7881      4.7795      4.7527      4.7588      4.7343      4.7801      4.7821      4.7744      
2015-02-12     2.9020      2.9005      2.8055      4.4074      4.3552      4.1188      4.7948      4.8490      4.8659      5.0396      5.0451      4.9876      4.9024      4.9103      4.9041      4.7795      4.7871      4.7807      4.7511      4.7579      4.7383      4.7801      4.7826      4.7760      
2015-02-13     2.9490      2.9283      2.8284      4.4682      4.4189      4.1596      4.7836      4.8369      4.8668      5.0438      5.0505      5.0011      4.9008      4.9089      4.9047      4.7787      4.7860      4.7816      4.7503      4.7567      4.7419      4.7814      4.7828      4.7776      
2015-02-15     3.0216      2.9569      2.8541      4.5452      4.4652      4.2040      4.7794      4.8246      4.8698      5.0522      5.0524      5.0150      4.9000      4.9073      4.9050      4.7788      4.7844      4.7824      4.7498      4.7553      4.7452      4.7831      4.7831      4.7792      
2015-02-16     3.0876      2.9797      2.8779      4.6210      4.4959      4.2499      4.7834      4.8108      4.8730      5.0614      5.0534      5.0265      4.9002      4.9056      4.9051      4.7794      4.7827      4.7830      4.7502      4.7536      4.7476      4.7851      4.7834      4.7805      
2015-02-17     3.1812      3.0224      2.9085      4.6868      4.5281      4.2962      4.7970      4.8035      4.8644      5.0678      5.0532      5.0332      4.9002      4.9028      4.9051      4.7812      4.7813      4.7834      4.7508      4.7517      4.7497      4.7864      4.7832      4.7814      
2015-02-25     3.2352      3.0686      2.9363      4.7200      4.5637      4.3409      4.8030      4.7989      4.8527      5.0728      5.0562      5.0377      4.9000      4.9012      4.9051      4.7827      4.7811      4.7841      4.7512      4.7512      4.7517      4.7875      4.7838      4.7823      
2015-02-26     3.2766      3.1128      2.9648      4.7308      4.5995      4.3753      4.8112      4.7974      4.8418      5.0766      5.0602      5.0405      4.9000      4.9004      4.9051      4.7836      4.7811      4.7846      4.7512      4.7508      4.7534      4.7879      4.7847      4.7830      
2015-02-27     3.3052      3.1634      2.9963      4.7298      4.6375      4.4151      4.8286      4.8040      4.8380      5.0798      5.0660      5.0454      4.9000      4.9000      4.9054      4.7844      4.7816      4.7851      4.7512      4.7505      4.7545      4.7882      4.7856      4.7837      
2015-02-28     3.3570      3.2223      3.0347      4.7442      4.6826      4.4592      4.8516      4.8175      4.8404      5.0811      5.0712      5.0513      4.9000      4.9001      4.9055      4.7845      4.7820      4.7854      4.7512      4.7507      4.7550      4.7880      4.7865      4.7843      
2015-03-02     3.3676      3.2744      3.0728      4.7440      4.7154      4.5017      4.8522      4.8246      4.8410      5.0797      5.0737      5.0561      4.8996      4.8999      4.9054      4.7834      4.7823      4.7852      4.7510      4.7509      4.7548      4.7872      4.7868      4.7845      
2015-03-03     3.3920      3.3136      3.1071      4.7398      4.7299      4.5426      4.8650      4.8340      4.8415      5.0771      5.0749      5.0600      4.8992      4.8996      4.9050      4.7823      4.7825      4.7848      4.7506      4.7509      4.7544      4.7856      4.7865      4.7845      
2015-03-04     3.4216      3.3491      3.1387      4.7398      4.7353      4.5771      4.8754      4.8433      4.8401      5.0737      5.0751      5.0628      4.8984      4.8992      4.9040      4.7812      4.7824      4.7842      4.7505      4.7509      4.7538      4.7843      4.7861      4.7845      
2015-03-05     3.4446      3.3749      3.1659      4.7426      4.7362      4.6007      4.8730      4.8508      4.8377      5.0699      5.0748      5.0636      4.8976      4.8988      4.9030      4.7802      4.7823      4.7834      4.7509      4.7511      4.7532      4.7825      4.7854      4.7842      
2015-03-06     3.4396      3.3983      3.1890      4.7360      4.7401      4.6180      4.8675      4.8596      4.8352      5.0652      5.0731      5.0633      4.8971      4.8986      4.9021      4.7796      4.7820      4.7824      4.7514      4.7513      4.7524      4.7814      4.7847      4.7841      
2015-03-09     3.4252      3.3964      3.2094      4.7410      4.7425      4.6353      4.8693      4.8608      4.8321      5.0630      5.0713      5.0623      4.8971      4.8984      4.9006      4.7793      4.7813      4.7813      4.7516      4.7513      4.7515      4.7809      4.7840      4.7836      
2015-03-10     3.4052      3.3986      3.2336      4.7442      4.7420      4.6529      4.8609      4.8630      4.8309      5.0606      5.0688      5.0625      4.8973      4.8982      4.8997      4.7790      4.7807      4.7809      4.7515      4.7510      4.7511      4.7808      4.7832      4.7835      
2015-03-11     3.3854      3.4035      3.2582      4.7554      4.7476      4.6736      4.8501      4.8628      4.8301      5.0578      5.0657      5.0630      4.8981      4.8982      4.8993      4.7792      4.7802      4.7807      4.7511      4.7508      4.7508      4.7806      4.7824      4.7835      
2015-03-12     3.3917      3.4181      3.2908      4.7598      4.7512      4.6944      4.8377      4.8553      4.8297      5.0552      5.0625      5.0643      4.8989      4.8982      4.8991      4.7792      4.7797      4.7807      4.7505      4.7507      4.7506      4.7805      4.7815      4.7836      
2015-03-13     3.3957      3.4176      3.3200      4.7596      4.7478      4.7152      4.8186      4.8430      4.8303      5.0536      5.0594      5.0653      4.8993      4.8982      4.8992      4.7794      4.7795      4.7807      4.7498      4.7506      4.7506      4.7801      4.7808      4.7836      
2015-03-16     3.4001      3.4126      3.3435      4.7466      4.7438      4.7296      4.7950      4.8321      4.8284      5.0510      5.0570      5.0654      4.9008      4.8989      4.8994      4.7800      4.7796      4.7810      4.7499      4.7508      4.7508      4.7801      4.7805      4.7836      
2015-03-17     3.4053      3.4052      3.3594      4.7180      4.7311      4.7305      4.7662      4.8135      4.8238      5.0480      5.0543      5.0646      4.9020      4.8996      4.8996      4.7805      4.7798      4.7811      4.7507      4.7511      4.7510      4.7801      4.7804      4.7835      
2015-03-18     3.4097      3.3975      3.3733      4.6838      4.7196      4.7275      4.7366      4.7933      4.8183      5.0446      5.0512      5.0632      4.9032      4.9007      4.8999      4.7805      4.7799      4.7811      4.7509      4.7510      4.7509      4.7801      4.7803      4.7832      
2015-03-19     3.3832      3.3874      3.3812      4.6328      4.6963      4.7163      4.6982      4.7679      4.8094      5.0412      5.0482      5.0615      4.9040      4.9015      4.9001      4.7808      4.7800      4.7812      4.7510      4.7507      4.7509      4.7801      4.7803      4.7828      
2015-03-20     3.3548      3.3752      3.3868      4.5514      4.6555      4.6978      4.6426      4.7306      4.7951      5.0370      5.0453      5.0592      4.9044      4.9019      4.9002      4.7808      4.7801      4.7811      4.7511      4.7504      4.7509      4.7801      4.7801      4.7824      
2015-03-23     3.3176      3.3588      3.3776      4.4384      4.5925      4.6675      4.5644      4.6797      4.7702      5.0338      5.0424      5.0569      4.9032      4.9020      4.9002      4.7806      4.7803      4.7808      4.7507      4.7503      4.7508      4.7801      4.7801      4.7821      
2015-03-24     3.2860      3.3456      3.3721      4.3210      4.5195      4.6308      4.4918      4.6290      4.7460      5.0298      5.0389      5.0539      4.9018      4.9019      4.9001      4.7801      4.7803      4.7805      4.7500      4.7504      4.7507      4.7800      4.7801      4.7816      
2015-03-25     3.2542      3.3319      3.3677      4.1916      4.4377      4.5927      4.4174      4.5770      4.7199      5.0264      5.0355      5.0506      4.9001      4.9017      4.8999      4.7800      4.7803      4.7802      4.7501      4.7505      4.7507      4.7800      4.7801      4.7812      
2015-03-26     3.2310      3.3071      3.3626      4.0718      4.3523      4.5518      4.3496      4.5239      4.6896      5.0228      5.0320      5.0473      4.8988      4.9014      4.8998      4.7797      4.7802      4.7800      4.7499      4.7505      4.7506      4.7800      4.7801      4.7808      
2015-03-27     3.2134      3.2841      3.3509      3.9842      4.2678      4.5078      4.3074      4.4750      4.6590      5.0198      5.0284      5.0439      4.8979      4.9012      4.8997      4.7795      4.7802      4.7798      4.7497      4.7504      4.7505      4.7800      4.7801      4.7804      
2015-03-30     3.2106      3.2641      3.3384      3.9394      4.1889      4.4664      4.3014      4.4329      4.6325      5.0166      5.0252      5.0411      4.8976      4.9004      4.8997      4.7794      4.7800      4.7798      4.7496      4.7502      4.7505      4.7800      4.7800      4.7803      
2015-03-31     3.2036      3.2448      3.3250      3.9100      4.1155      4.4233      4.2984      4.3951      4.6043      5.0144      5.0221      5.0382      4.8975      4.8997      4.8996      4.7795      4.7798      4.7798      4.7497      4.7499      4.7505      4.7800      4.7800      4.7802      
2015-04-01     3.1790      3.2166      3.3071      3.8698      4.0307      4.3752      4.2894      4.3534      4.5734      5.0104      5.0184      5.0348      4.8975      4.8988      4.8997      4.7795      4.7798      4.7798      4.7495      4.7498      4.7504      4.7800      4.7800      4.7802      
2015-04-02     3.1348      3.1829      3.2852      3.8174      3.9446      4.3205      4.2570      4.3033      4.5356      5.0054      5.0141      5.0311      4.8975      4.8982      4.8998      4.7793      4.7795      4.7797      4.7495      4.7497      4.7502      4.7800      4.7800      4.7802      
2015-04-03     3.0710      3.1422      3.2587      3.7400      3.8621      4.2588      4.1942      4.2508      4.4907      4.9868      5.0033      5.0243      4.8956      4.8968      4.8993      4.7793      4.7794      4.7798      4.7495      4.7496      4.7500      4.7800      4.7800      4.7801      
2015-04-07     2.9836      3.0971      3.2280      3.6200      3.7797      4.1861      4.0944      4.1979      4.4388      4.9532      4.9849      5.0136      4.8878      4.8927      4.8973      4.7791      4.7793      4.7798      4.7493      4.7495      4.7499      4.7800      4.7800      4.7800      
2015-04-08     2.8836      3.0436      3.1946      3.4754      3.6927      4.1061      3.9782      4.1383      4.3836      4.9037      4.9591      4.9990      4.8744      4.8860      4.8939      4.7786      4.7791      4.7797      4.7491      4.7494      4.7499      4.7800      4.7800      4.7800      
2015-04-09     2.7860      2.9825      3.1572      3.3392      3.6045      4.0211      3.8556      4.0725      4.3247      4.8336      4.9220      4.9788      4.8551      4.8763      4.8890      4.7780      4.7787      4.7795      4.7486      4.7491      4.7498      4.7800      4.7800      4.7800      
2015-04-10     2.6848      2.9098      3.1085      3.2062      3.5118      3.9321      3.7412      3.9991      4.2615      4.7471      4.8762      4.9541      4.8320      4.8647      4.8831      4.7774      4.7783      4.7793      4.7481      4.7488      4.7496      4.7797      4.7798      4.7799      
2015-04-13     2.5884      2.8297      3.0569      3.0948      3.4174      3.8426      3.6446      3.9194      4.1972      4.6621      4.8245      4.9264      4.8077      4.8517      4.8764      4.7761      4.7777      4.7789      4.7475      4.7485      4.7495      4.7791      4.7796      4.7798      
2015-04-14     2.5096      2.7466      3.0054      3.0150      3.3175      3.7532      3.5652      3.8298      4.1314      4.5815      4.7674      4.8963      4.7867      4.8373      4.8688      4.7745      4.7768      4.7784      4.7471      4.7482      4.7492      4.7786      4.7793      4.7797      
2015-04-15     2.4344      2.6590      2.9519      2.9584      3.2169      3.6662      3.4992      3.7387      4.0669      4.5060      4.7049      4.8635      4.7679      4.8212      4.8604      4.7728      4.7757      4.7778      4.7470      4.7480      4.7489      4.7781      4.7790      4.7795      
2015-04-16     2.3742      2.5801      2.8984      2.9206      3.1299      3.5803      3.4504      3.6530      4.0032      4.4457      4.6397      4.8290      4.7518      4.8034      4.8511      4.7693      4.7736      4.7767      4.7469      4.7477      4.7488      4.7772      4.7786      4.7793      
2015-04-17     2.3300      2.5074      2.8452      2.9012      3.0537      3.4992      3.4204      3.5808      3.9421      4.3969      4.5720      4.7930      4.7359      4.7840      4.8411      4.7639      4.7706      4.7751      4.7466      4.7473      4.7485      4.7766      4.7781      4.7791      
2015-04-20     2.2664      2.4274      2.7848      2.8578      2.9763      3.4192      3.3812      3.5129      3.8819      4.3264      4.4943      4.7488      4.7053      4.7565      4.8266      4.7488      4.7625      4.7709      4.7392      4.7433      4.7465      4.7722      4.7757      4.7778      
2015-04-21     2.1924      2.3510      2.7241      2.7978      2.9064      3.3431      3.3284      3.4468      3.8224      4.2410      4.4113      4.6981      4.6515      4.7191      4.8059      4.7240      4.7492      4.7642      4.7232      4.7352      4.7423      4.7620      4.7703      4.7752      
2015-04-22     2.1208      2.2776      2.6606      2.7352      2.8468      3.2698      3.2766      3.3879      3.7631      4.1458      4.3259      4.6425      4.5874      4.6777      4.7818      4.6894      4.7311      4.7551      4.6996      4.7233      4.7364      4.7453      4.7617      4.7708      
2015-04-23     2.0428      2.2085      2.5955      2.6638      2.7922      3.1984      3.2234      3.3369      3.7047      4.0450      4.2454      4.5837      4.5120      4.6319      4.7541      4.6455      4.7074      4.7431      4.6711      4.7090      4.7290      4.7240      4.7506      4.7653      
2015-04-24     1.9594      2.1447      2.5273      2.5868      2.7440      3.1279      3.1664      3.2934      3.6463      3.9358      4.1663      4.5213      4.4242      4.5801      4.7224      4.5975      4.6807      4.7295      4.6399      4.6933      4.7210      4.6974      4.7370      4.7584      
2015-04-27     1.9032      2.0848      2.4573      2.5306      2.6942      3.0558      3.1280      3.2546      3.5870      3.8407      4.0836      4.4540      4.3338      4.5195      4.6856      4.5514      4.6501      4.7139      4.6099      4.6745      4.7115      4.6719      4.7221      4.7508      
2015-04-28     1.8546      2.0235      2.3851      2.4942      2.6460      2.9818      3.1104      3.2194      3.5246      3.7573      3.9992      4.3833      4.2529      4.4522      4.6447      4.5029      4.6135      4.6951      4.5826      4.6529      4.7005      4.6481      4.7051      4.7422      
2015-04-29     1.8126      1.9667      2.3129      2.4686      2.6019      2.9094      3.0972      3.1869      3.4628      3.6816      3.9137      4.3093      4.1766      4.3820      4.6016      4.4548      4.5721      4.6739      4.5586      4.6291      4.6886      4.6287      4.6870      4.7330      
2015-04-30     1.7690      1.9059      2.2430      2.4492      2.5565      2.8432      3.0858      3.1546      3.4038      3.6062      3.8256      4.2326      4.1020      4.3070      4.5552      4.4118      4.5286      4.6511      4.5359      4.6035      4.6756      4.6113      4.6676      4.7231      
2015-05-04     1.7226      1.8410      2.1742      2.4296      2.5082      2.7810      3.0670      3.1167      3.3488      3.5286      3.7322      4.1521      4.0338      4.2290      4.5065      4.3689      4.4832      4.6269      4.5134      4.5767      4.6620      4.5952      4.6463      4.7122      
2015-05-05     1.6742      1.7887      2.1081      2.4130      2.4718      2.7241      3.0366      3.0823      3.2976      3.4549      3.6478      4.0710      3.9779      4.1558      4.4562      4.3267      4.4391      4.6008      4.4929      4.5514      4.6474      4.5788      4.6254      4.7005      
2015-05-06     1.6270      1.7408      2.0459      2.3992      2.4467      2.6766      3.0078      3.0591      3.2530      3.3887      3.5730      3.9921      3.9311      4.0920      4.4055      4.2920      4.3974      4.5733      4.4744      4.5285      4.6318      4.5639      4.6060      4.6882      
2015-05-07     1.5770      1.6948      1.9862      2.3824      2.4255      2.6362      2.9742      3.0357      3.2118      3.3310      3.5063      3.9161      3.8887      4.0327      4.3552      4.2633      4.3590      4.5451      4.4564      4.5075      4.6154      4.5476      4.5882      4.6749      
2015-05-08     1.5276      1.6483      1.9284      2.3632      2.4062      2.5992      2.9272      3.0065      3.1717      3.2802      3.4432      3.8443      3.8544      3.9782      4.3050      4.2351      4.3235      4.5154      4.4375      4.4867      4.5978      4.5313      4.5713      4.6609      
2015-05-11     1.4728      1.5977      1.8712      2.3342      2.3819      2.5630      2.8540      2.9605      3.1270      3.2282      3.3784      3.7724      3.8168      3.9253      4.2527      4.2013      4.2851      4.4829      4.4091      4.4613      4.5773      4.5093      4.5523      4.6446      
2015-05-12     1.4180      1.5461      1.8155      2.3000      2.3565      2.5254      2.7916      2.9141      3.0844      3.1844      3.3197      3.7016      3.7767      3.8773      4.1984      4.1680      4.2473      4.4487      4.3761      4.4345      4.5545      4.4832      4.5310      4.6265      
2015-05-13     1.3628      1.4949      1.7592      2.2560      2.3276      2.4868      2.7228      2.8653      3.0424      3.1394      3.2641      3.6316      3.7343      3.8327      4.1424      4.1312      4.2116      4.4125      4.3396      4.4070      4.5299      4.4535      4.5087      4.6069      
2015-05-14     1.3014      1.4392      1.7030      2.1962      2.2893      2.4456      2.6480      2.8111      2.9990      3.0826      3.2068      3.5603      3.6661      3.7774      4.0797      4.0812      4.1723      4.3722      4.2918      4.3741      4.5016      4.4128      4.4802      4.5836      
2015-05-15     1.2284      1.3780      1.6420      2.1218      2.2425      2.3995      2.5612      2.7442      2.9494      3.0008      3.1405      3.4831      3.5710      3.7127      4.0099      4.0196      4.1274      4.3280      4.2320      4.3347      4.4691      4.3610      4.4461      4.5569      
2015-05-18     1.1698      1.3213      1.5812      2.0568      2.1955      2.3519      2.5102      2.6821      2.8994      2.9096      3.0689      3.4006      3.4640      3.6404      3.9347      3.9490      4.0752      4.2792      4.1694      4.2892      4.4329      4.3046      4.4070      4.5266      
2015-05-19     1.1184      1.2682      1.5285      2.0024      2.1512      2.3115      2.4572      2.6244      2.8534      2.8070      2.9957      3.3218      3.3590      3.5679      3.8618      3.8710      4.0195      4.2293      4.1068      4.2414      4.3964      4.2446      4.3639      4.4946      
2015-05-20     1.0754      1.2191      1.4800      1.9590      2.1075      2.2771      2.4140      2.5684      2.8138      2.7014      2.9204      3.2467      3.2464      3.4904      3.7912      3.7914      3.9613      4.1794      4.0435      4.1916      4.3600      4.1725      4.3130      4.4595      
2015-05-21     1.0456      1.1735      1.4342      1.9366      2.0664      2.2460      2.3806      2.5143      2.7750      2.6014      2.8420      3.1742      3.1528      3.4095      3.7211      3.7180      3.8996      4.1293      3.9874      4.1396      4.3235      4.0998      4.2563      4.4222      
2015-05-22     1.0374      1.1329      1.3906      1.9374      2.0296      2.2179      2.3596      2.4604      2.7335      2.5188      2.7598      3.1015      3.0800      3.3255      3.6519      3.6552      3.8374      4.0804      3.9405      4.0862      4.2865      4.0248      4.1929      4.3821      
2015-05-25     1.0348      1.1023      1.3500      1.9470      2.0019      2.1919      2.3242      2.4172      2.6889      2.4464      2.6780      3.0282      3.0206      3.2423      3.5838      3.5898      3.7694      4.0273      3.8723      4.0208      4.2410      3.9290      4.1168      4.3345      
2015-05-26     1.0362      1.0773      1.3117      1.9558      1.9791      2.1678      2.2912      2.3742      2.6442      2.3860      2.5965      2.9581      2.9656      3.1623      3.5198      3.5186      3.6948      3.9711      3.7841      3.9454      4.1900      3.8208      4.0327      4.2818      
2015-05-27     1.0378      1.0566      1.2758      1.9628      1.9609      2.1442      2.2606      2.3373      2.6013      2.3378      2.5196      2.8918      2.9252      3.0858      3.4593      3.4444      3.6179      3.9147      3.6869      3.8652      4.1361      3.7182      3.9454      4.2270      
2015-05-28     1.0398      1.0427      1.2410      1.9644      1.9505      2.1199      2.2344      2.3075      2.5593      2.3006      2.4510      2.8289      2.8954      3.0241      3.4008      3.3718      3.5449      3.8586      3.5873      3.7874      4.0807      3.6212      3.8605      4.1703      
2015-05-29     1.0402      1.0388      1.2084      1.9656      1.9515      2.0970      2.2256      2.2926      2.5184      2.2780      2.3984      2.7695      2.8764      2.9782      3.3455      3.3018      3.4785      3.8029      3.4900      3.7153      4.0250      3.5368      3.7808      4.1135      
2015-06-01     1.0378      1.0363      1.1788      1.9646      1.9558      2.0756      2.2350      2.2796      2.4809      2.2756      2.3610      2.7150      2.8671      2.9439      3.2921      3.2522      3.4210      3.7481      3.4250      3.6487      3.9689      3.4844      3.7067      4.0568      
2015-06-02     1.0366      1.0364      1.1523      1.9662      1.9610      2.0561      2.2642      2.2777      2.4511      2.2812      2.3336      2.6647      2.8633      2.9145      3.2412      3.2212      3.3699      3.6947      3.3868      3.5855      3.9134      3.4531      3.6370      4.0004      
2015-06-03     1.0364      1.0371      1.1281      1.9842      1.9735      2.0405      2.3224      2.2915      2.4300      2.2918      2.3148      2.6176      2.8637      2.8945      3.1924      3.2040      3.3242      3.6428      3.3636      3.5253      3.8584      3.4325      3.5754      3.9442      
2015-06-04     1.0372      1.0385      1.1060      2.0182      1.9913      2.0288      2.4014      2.3179      2.4161      2.3084      2.3045      2.5733      2.8672      2.8813      3.1454      3.1967      3.2842      3.5919      3.3506      3.4690      3.8043      3.4203      3.5208      3.8885      
2015-06-05     1.0396      1.0399      1.0864      2.0378      2.0017      2.0156      2.4454      2.3355      2.3980      2.3262      2.3021      2.5310      2.8714      2.8739      3.0997      3.1939      3.2478      3.5426      3.3430      3.4165      3.7514      3.4115      3.4742      3.8335      
2015-06-08     1.0464      1.0421      1.0722      2.0538      2.0092      2.0055      2.4768      2.3559      2.3866      2.3778      2.3267      2.5024      2.8775      2.8723      3.0573      3.1939      3.2230      3.4962      3.3386      3.3818      3.7013      3.4055      3.4450      3.7809      
2015-06-09     1.0538      1.0452      1.0613      2.0682      2.0172      1.9981      2.4932      2.3787      2.3765      2.4480      2.3646      2.4806      2.8855      2.8744      3.0184      3.1955      3.2083      3.4516      3.3354      3.3611      3.6533      3.4020      3.4276      3.7301      
2015-06-10     1.0626      1.0495      1.0531      2.0672      2.0257      1.9933      2.4716      2.3970      2.3672      2.5362      2.4140      2.4668      2.8917      2.8777      2.9818      3.1953      3.1996      3.4088      3.3316      3.3476      3.6064      3.4004      3.4165      3.6809      
2015-06-11     1.0712      1.0542      1.0485      2.0554      2.0368      1.9936      2.4322      2.4168      2.3622      2.6334      2.4709      2.4610      2.8970      2.8821      2.9531      3.1934      3.1950      3.3700      3.3254      3.3380      3.5627      3.4000      3.4102      3.6353      
2015-06-12     1.0818      1.0607      1.0498      2.0584      2.0481      1.9998      2.4580      2.4517      2.3722      2.7718      2.5490      2.4737      2.9042      2.8878      2.9330      3.1908      3.1923      3.3354      3.3178      3.3304      3.5228      3.4000      3.4058      3.5933      
2015-06-15     1.0938      1.0701      1.0532      2.0718      2.0628      2.0093      2.5166      2.4967      2.3882      2.8818      2.6298      2.4954      2.9188      2.8982      2.9210      3.1877      3.1908      3.3059      3.3104      3.3245      3.4866      3.4000      3.4028      3.5547      
2015-06-16     1.1058      1.0798      1.0581      2.0906      2.0794      2.0202      2.5758      2.5345      2.4061      2.9722      2.7101      2.5219      2.9346      2.9101      2.9123      3.1848      3.1901      3.2800      3.3036      3.3195      3.4525      3.4000      3.4010      3.5190      
2015-06-17     1.1194      1.0910      1.0641      2.1278      2.0975      2.0355      2.6524      2.5620      2.4268      3.0404      2.7883      2.5516      2.9540      2.9229      2.9087      3.1832      3.1892      3.2567      3.2992      3.3154      3.4203      3.4000      3.4002      3.4878      
2015-06-18     1.1418      1.1065      1.0725      2.2108      2.1331      2.0622      2.7572      2.5947      2.4563      3.1340      2.8837      2.5941      2.9830      2.9400      2.9107      3.1831      3.1882      3.2362      3.2971      3.3112      3.3901      3.4000      3.4000      3.4604      
2015-06-19     1.1744      1.1281      1.0840      2.3286      2.1935      2.0976      2.8680      2.6630      2.4993      3.1944      2.9831      2.6426      3.0198      2.9620      2.9180      3.1842      3.1875      3.2177      3.2962      3.3070      3.3618      3.4000      3.4000      3.4371      
2015-06-23     1.2092      1.1515      1.0968      2.4416      2.2567      2.1329      2.9820      2.7493      2.5526      3.2470      3.0644      2.6956      3.0624      2.9906      2.9315      3.1865      3.1871      3.2051      3.2962      3.3033      3.3425      3.4000      3.4000      3.4225      
2015-06-24     1.2506      1.1782      1.1117      2.5746      2.3326      2.1749      3.1262      2.8510      2.6149      3.3164      3.1443      2.7545      3.1084      3.0215      2.9480      3.1894      3.1871      3.1977      3.2963      3.3000      3.3305      3.4000      3.4000      3.4138      
2015-06-25     1.2918      1.2056      1.1276      2.7038      2.4158      2.2208      3.2876      2.9700      2.6835      3.4090      3.2247      2.8194      3.1586      3.0563      2.9670      3.1928      3.1880      3.1938      3.2969      3.2980      3.3228      3.4000      3.4000      3.4082      
2015-06-26     1.3228      1.2323      1.1433      2.7924      2.5016      2.2692      3.4142      3.0857      2.7513      3.4742      3.3041      2.8875      3.2032      3.0931      2.9876      3.1955      3.1893      3.1922      3.2976      3.2973      3.3177      3.4000      3.4000      3.4051      
2015-06-29     1.3374      1.2559      1.1583      2.8256      2.5771      2.3126      3.4842      3.1761      2.8139      3.5184      3.3564      2.9527      3.2318      3.1258      3.0068      3.1944      3.1893      3.1908      3.2951      3.2956      3.3130      3.3984      3.3992      3.4025      
2015-06-30     1.3298      1.2695      1.1698      2.8210      2.6313      2.3471      3.4720      3.2270      2.8619      3.5504      3.3987      3.0143      3.2438      3.1531      3.0256      3.1918      3.1892      3.1900      3.2919      3.2940      3.3093      3.3968      3.3984      3.4006      
2015-07-01     1.2948      1.2727      1.1763      2.7798      2.6772      2.3783      3.4046      3.2654      2.9000      3.5358      3.4261      3.0681      3.2442      3.1763      3.0432      3.1872      3.1883      3.1892      3.2875      3.2919      3.3057      3.3941      3.3971      3.3990      
2015-07-02     1.2556      1.2737      1.1823      2.7454      2.7246      2.4111      3.3390      3.3133      2.9377      3.4844      3.4467      3.1175      3.2366      3.1976      3.0602      3.1813      3.1871      3.1881      3.2821      3.2895      3.3024      3.3915      3.3958      3.3980      
2015-07-03     1.2160      1.2694      1.1879      2.7216      2.7570      2.4451      3.2660      3.3401      2.9674      3.4124      3.4433      3.1635      3.2216      3.2124      3.0762      3.1751      3.1853      3.1868      3.2760      3.2868      3.2990      3.3889      3.3945      3.3972      
2015-07-06     1.1814      1.2594      1.1937      2.6858      2.7557      2.4746      3.1958      3.3400      3.0015      3.3394      3.4289      3.2060      3.2126      3.2222      3.0921      3.1715      3.1830      3.1852      3.2726      3.2838      3.2954      3.3879      3.3932      3.3966      
2015-07-07     1.1652      1.2475      1.1995      2.6774      2.7492      2.5030      3.1676      3.3198      3.0346      3.2714      3.4109      3.2377      3.2044      3.2241      3.1074      3.1683      3.1801      3.1836      3.2692      3.2806      3.2919      3.3867      3.3918      3.3959      
2015-07-08     1.1700      1.2324      1.2053      2.6748      2.7273      2.5300      3.1514      3.2780      3.0645      3.2278      3.3818      3.2631      3.1990      3.2216      3.1216      3.1662      3.1767      3.1819      3.2666      3.2770      3.2885      3.3866      3.3903      3.3952      
2015-07-09     1.1774      1.2165      1.2110      2.6480      2.6967      2.5563      3.0942      3.2166      3.0933      3.1930      3.3387      3.2817      3.1930      3.2148      3.1356      3.1646      3.1730      3.1805      3.2645      3.2733      3.2857      3.3865      3.3890      3.3945      
2015-07-10     1.1876      1.2018      1.2170      2.6026      2.6621      2.5819      3.0430      3.1545      3.1201      3.1632      3.2878      3.2960      3.1880      3.2048      3.1490      3.1630      3.1691      3.1792      3.2628      3.2694      3.2834      3.3865      3.3877      3.3938      
2015-07-13     1.1990      1.1902      1.2230      2.5810      2.6334      2.6053      3.0008      3.0983      3.1372      3.1420      3.2407      3.2986      3.1816      3.1971      3.1614      3.1618      3.1667      3.1780      3.2616      3.2671      3.2814      3.3870      3.3875      3.3933      
2015-07-14     1.2114      1.1883      1.2289      2.5702      2.6238      2.6276      2.9752      3.0714      3.1492      3.1262      3.1988      3.2988      3.1760      3.1902      3.1717      3.1611      3.1647      3.1769      3.2609      3.2650      3.2795      3.3878      3.3873      3.3928      
2015-07-15     1.2230      1.1965      1.2346      2.5624      2.6186      2.6479      2.9584      3.0549      3.1602      3.1109      3.1694      3.2977      3.1708      3.1849      3.1806      3.1604      3.1633      3.1758      3.2604      3.2635      3.2777      3.3889      3.3877      3.3924      
2015-07-16     1.2360      1.2067      1.2402      2.5430      2.5955      2.6601      2.9504      3.0223      3.1678      3.0935      3.1433      3.2950      3.1654      3.1792      3.1884      3.1601      3.1624      3.1747      3.2601      3.2623      3.2759      3.3898      3.3881      3.3919      
2015-07-17     1.2504      1.2190      1.2442      2.5208      2.5617      2.6594      2.9444      2.9937      3.1669      3.0787      3.1210      3.2821      3.1604      3.1742      3.1933      3.1601      3.1616      3.1734      3.2600      3.2614      3.2741      3.3907      3.3886      3.3915      
2015-07-20     1.2636      1.2313      1.2453      2.5000      2.5405      2.6481      2.9392      2.9700      3.1550      3.0633      3.1027      3.2658      3.1563      3.1689      3.1956      3.1601      3.1610      3.1720      3.2600      3.2608      3.2723      3.3910      3.3890      3.3911      
2015-07-21     1.2768      1.2441      1.2458      2.4804      2.5253      2.6373      2.9326      2.9539      3.1369      3.0463      3.0863      3.2486      3.1537      3.1649      3.1945      3.1603      3.1607      3.1704      3.2600      3.2605      3.2705      3.3912      3.3895      3.3906      
2015-07-22     1.2924      1.2577      1.2450      2.4660      2.5142      2.6208      2.9264      2.9424      3.1102      3.0342      3.0726      3.2272      3.1530      3.1619      3.1917      3.1611      3.1608      3.1687      3.2600      3.2602      3.2686      3.3912      3.3900      3.3902      
2015-07-23     1.3062      1.2711      1.2438      2.4778      2.5104      2.6036      2.9208      2.9356      3.0761      3.0276      3.0606      3.1996      3.1540      3.1597      3.1872      3.1620      3.1611      3.1670      3.2601      3.2601      3.2667      3.3912      3.3905      3.3897      
2015-07-24     1.3172      1.2838      1.2428      2.4968      2.5088      2.5855      2.9128      2.9286      3.0416      3.0198      3.0493      3.1685      3.1563      3.1583      3.1816      3.1631      3.1616      3.1653      3.2601      3.2601      3.2647      3.3914      3.3910      3.3894      
2015-07-27     1.3340      1.2988      1.2445      2.5188      2.5094      2.5714      2.9118      2.9255      3.0119      3.0208      3.0421      3.1414      3.1591      3.1577      3.1774      3.1653      3.1627      3.1647      3.2601      3.2600      3.2636      3.3916      3.3913      3.3894      
2015-07-28     1.3508      1.3138      1.2510      2.5376      2.5090      2.5664      2.9104      2.9215      2.9965      3.0234      3.0349      3.1168      3.1616      3.1577      3.1739      3.1681      3.1642      3.1645      3.2601      3.2601      3.2625      3.3919      3.3915      3.3894      
2015-07-29     1.3716      1.3320      1.2642      2.5448      2.5054      2.5620      2.9014      2.9139      2.9844      3.0224      3.0283      3.0988      3.1631      3.1580      3.1715      3.1706      3.1659      3.1646      3.2600      3.2600      3.2618      3.3921      3.3916      3.3897      
2015-07-30     1.3948      1.3505      1.2786      2.5372      2.5075      2.5515      2.8722      2.8965      2.9594      3.0200      3.0238      3.0835      3.1632      3.1586      3.1689      3.1730      3.1675      3.1649      3.2600      3.2600      3.2612      3.3923      3.3918      3.3900      
2015-07-31     1.4214      1.3693      1.2942      2.5272      2.5120      2.5369      2.8426      2.8777      2.9357      3.0152      3.0175      3.0692      3.1620      3.1591      3.1667      3.1751      3.1691      3.1653      3.2600      3.2600      3.2607      3.3924      3.3919      3.3902      
2015-08-03     1.4442      1.3891      1.3102      2.5144      2.5166      2.5286      2.8048      2.8583      2.9142      3.0020      3.0114      3.0570      3.1597      3.1594      3.1642      3.1771      3.1712      3.1661      3.2600      3.2600      3.2604      3.3924      3.3920      3.3905      
2015-08-04     1.4660      1.4084      1.3263      2.5006      2.5191      2.5222      2.7630      2.8367      2.8953      2.9768      3.0001      3.0432      3.1569      3.1593      3.1621      3.1789      3.1735      3.1671      3.2600      3.2600      3.2602      3.3924      3.3921      3.3908      
2015-08-05     1.4822      1.4269      1.3423      2.4920      2.5184      2.5163      2.7272      2.8143      2.8784      2.9430      2.9827      3.0276      3.1528      3.1579      3.1599      3.1821      3.1764      3.1686      3.2600      3.2600      3.2601      3.3926      3.3923      3.3912      
2015-08-06     1.4960      1.4454      1.3583      2.4814      2.5093      2.5099      2.7074      2.7898      2.8627      2.9012      2.9606      3.0106      3.1481      3.1556      3.1577      3.1865      3.1798      3.1704      3.2600      3.2600      3.2600      3.3928      3.3926      3.3915      
2015-08-07     1.5078      1.4646      1.3742      2.4702      2.4987      2.5038      2.6806      2.7616      2.8451      2.8544      2.9348      2.9920      3.1420      3.1520      3.1552      3.1922      3.1837      3.1726      3.2600      3.2600      3.2600      3.3930      3.3927      3.3919      
2015-08-10     1.5216      1.4829      1.3909      2.4622      2.4883      2.4989      2.6520      2.7284      2.8270      2.8024      2.9022      2.9721      3.1359      3.1478      3.1527      3.1963      3.1867      3.1747      3.2600      3.2600      3.2600      3.3933      3.3928      3.3921      
2015-08-11     1.5394      1.5027      1.4083      2.4582      2.4794      2.4942      2.6268      2.6949      2.8082      2.7552      2.8660      2.9504      3.1295      3.1432      3.1504      3.1995      3.1892      3.1767      3.2600      3.2600      3.2600      3.3935      3.3929      3.3922      
2015-08-12     1.5606      1.5214      1.4267      2.4584      2.4752      2.4903      2.6002      2.6637      2.7888      2.7156      2.8293      2.9288      3.1234      3.1381      3.1481      3.2010      3.1916      3.1787      3.2600      3.2600      3.2600      3.3933      3.3930      3.3923      
2015-08-13     1.5854      1.5407      1.4456      2.4648      2.4731      2.4903      2.5768      2.6421      2.7693      2.6850      2.7931      2.9085      3.1162      3.1321      3.1454      3.2013      3.1939      3.1807      3.2600      3.2600      3.2600      3.3931      3.3930      3.3924      
2015-08-14     1.6130      1.5604      1.4649      2.4732      2.4717      2.4919      2.5678      2.6242      2.7510      2.6684      2.7614      2.8895      3.1102      3.1261      3.1426      3.2005      3.1964      3.1827      3.2600      3.2600      3.2600      3.3929      3.3930      3.3924      
2015-08-17     1.6418      1.5817      1.4854      2.4856      2.4739      2.4953      2.5716      2.6118      2.7351      2.6644      2.7334      2.8724      3.1039      3.1199      3.1396      3.2013      3.1988      3.1850      3.2600      3.2600      3.2600      3.3927      3.3930      3.3925      
2015-08-18     1.6736      1.6065      1.5075      2.4992      2.4787      2.4989      2.5788      2.6028      2.7198      2.6706      2.7129      2.8565      3.0989      3.1142      3.1367      3.2020      3.2007      3.1871      3.2608      3.2604      3.2602      3.3929      3.3932      3.3927      
2015-08-19     1.7084      1.6345      1.5307      2.5140      2.4862      2.5023      2.5972      2.5987      2.7065      2.6828      2.6992      2.8410      3.0952      3.1093      3.1336      3.2033      3.2022      3.1893      3.2619      3.2610      3.2605      3.3933      3.3933      3.3928      
2015-08-20     1.7462      1.6658      1.5556      2.5350      2.4999      2.5046      2.6240      2.6004      2.6951      2.7054      2.6952      2.8279      3.0936      3.1049      3.1303      3.2059      3.2036      3.1917      3.2646      3.2623      3.2612      3.3940      3.3935      3.3931      
2015-08-21     1.7822      1.6976      1.5811      2.5558      2.5145      2.5066      2.6512      2.6095      2.6856      2.7290      2.6987      2.8168      3.0922      3.1012      3.1266      3.2106      3.2055      3.1946      3.2676      3.2638      3.2619      3.3952      3.3941      3.3934      
2015-08-24     1.8152      1.7285      1.6057      2.5718      2.5287      2.5085      2.6742      2.6229      2.6757      2.7528      2.7086      2.8054      3.0920      3.0980      3.1229      3.2161      3.2087      3.1977      3.2722      3.2661      3.2631      3.3967      3.3947      3.3938      
2015-08-25     1.8420      1.7578      1.6303      2.5842      2.5417      2.5106      2.6990      2.6389      2.6669      2.7846      2.7276      2.7968      3.0916      3.0953      3.1192      3.2240      3.2130      3.2011      3.2767      3.2688      3.2644      3.3978      3.3954      3.3941      
2015-08-26     1.8416      1.7750      1.6482      2.5608      2.5374      2.5063      2.7146      2.6559      2.6598      2.8334      2.7581      2.7937      3.0923      3.0938      3.1159      3.2341      3.2187      3.2051      3.2801      3.2710      3.2655      3.3989      3.3961      3.3945      
2015-08-27     1.8274      1.7868      1.6638      2.5232      2.5291      2.5011      2.7336      2.6788      2.6605      2.8732      2.7893      2.7912      3.0929      3.0933      3.1127      3.2432      3.2246      3.2092      3.2827      3.2737      3.2668      3.3997      3.3969      3.3949      
2015-08-28     1.8128      1.7975      1.6790      2.4818      2.5188      2.4953      2.7734      2.7123      2.6683      2.9152      2.8221      2.7918      3.0945      3.0934      3.1097      3.2504      3.2305      3.2134      3.2856      3.2766      3.2683      3.4000      3.3976      3.3953      
2015-08-31     1.7998      1.8075      1.6946      2.4420      2.5069      2.4904      2.8202      2.7472      2.6795      2.9600      2.8564      2.7949      3.0965      3.0943      3.1071      3.2567      3.2364      3.2176      3.2877      3.2800      3.2700      3.4002      3.3985      3.3957      
2015-09-01     1.7882      1.8151      1.7108      2.4054      2.4948      2.4868      2.8696      2.7843      2.6936      2.9988      2.8917      2.8023      3.0988      3.0952      3.1047      3.2623      3.2432      3.2219      3.2908      3.2837      3.2721      3.4010      3.3994      3.3963      
2015-09-02     1.8372      1.8394      1.7370      2.4038      2.4823      2.4843      2.9192      2.8169      2.7078      3.0190      2.9262      2.8127      3.0998      3.0961      3.1027      3.2651      3.2496      3.2259      3.2951      3.2876      3.2743      3.4012      3.4000      3.3967      
2015-09-06     1.8656      1.8465      1.7562      2.4062      2.4647      2.4823      2.9524      2.8430      2.7217      3.0374      2.9553      2.8253      3.1014      3.0972      3.1010      3.2681      3.2556      3.2296      3.2988      3.2908      3.2765      3.4014      3.4006      3.3971      
2015-09-07     1.8916      1.8522      1.7749      2.4098      2.4458      2.4802      2.9594      2.8664      2.7380      3.0456      2.9804      2.8396      3.1016      3.0981      3.0996      3.2709      3.2607      3.2331      3.3023      3.2940      3.2789      3.4016      3.4008      3.3974      
2015-09-08     1.9108      1.8553      1.7919      2.4106      2.4263      2.4775      2.9148      2.8675      2.7452      3.0424      3.0012      2.8549      3.1006      3.0986      3.0983      3.2756      3.2662      3.2375      3.3059      3.2968      3.2815      3.4032      3.4017      3.3982      
2015-09-09     1.9258      1.8570      1.8074      2.4082      2.4068      2.4743      2.8496      2.8596      2.7493      3.0340      3.0164      2.8720      3.0985      3.0987      3.0970      3.2816      3.2720      3.2425      3.3084      3.2996      3.2842      3.4053      3.4031      3.3992      
2015-09-10     1.8994      1.8683      1.8217      2.4040      2.4039      2.4707      2.7772      2.8482      2.7521      3.0252      3.0221      2.8901      3.0966      3.0982      3.0960      3.2877      3.2764      3.2476      3.3112      3.3032      3.2871      3.4071      3.4041      3.4001      
2015-09-11     1.8992      1.8824      1.8346      2.4026      2.4044      2.4668      2.7152      2.8338      2.7563      3.0162      3.0268      2.9081      3.0952      3.0983      3.0958      3.2952      3.2816      3.2531      3.3149      3.3069      3.2903      3.4091      3.4052      3.4010      
2015-09-14     1.8982      1.8949      1.8462      2.3994      2.4046      2.4617      2.6506      2.8050      2.7587      3.0088      3.0272      2.9247      3.0966      3.0991      3.0962      3.3025      3.2867      3.2586      3.3185      3.3104      3.2935      3.4111      3.4063      3.4020      
2015-09-15     1.8986      1.9047      1.8561      2.3974      2.4040      2.4555      2.6272      2.7710      2.7591      3.0062      3.0243      2.9404      3.1002      3.1004      3.0973      3.3087      3.2922      3.2643      3.3223      3.3141      3.2970      3.4117      3.4074      3.4029      
2015-09-16     1.8994      1.9126      1.8639      2.3960      2.4021      2.4485      2.6158      2.7327      2.7585      3.0078      3.0209      2.9563      3.1050      3.1018      3.0985      3.3133      3.2975      3.2703      3.3261      3.3173      3.3005      3.4114      3.4083      3.4039      
2015-09-17     1.8994      1.8994      1.8694      2.3942      2.3991      2.4407      2.6108      2.6940      2.7555      3.0136      3.0194      2.9728      3.1118      3.1042      3.1001      3.3177      3.3027      3.2762      3.3292      3.3202      3.3039      3.4120      3.4095      3.4048      
2015-09-18     1.8994      1.8993      1.8729      2.3916      2.3971      2.4309      2.6044      2.6598      2.7514      3.0232      3.0197      2.9875      3.1195      3.1073      3.1023      3.3207      3.3079      3.2818      3.3314      3.3232      3.3070      3.4124      3.4107      3.4057      
2015-09-21     1.8998      1.8990      1.8756      2.3910      2.3952      2.4205      2.6106      2.6306      2.7485      3.0368      3.0228      3.0016      3.1265      3.1115      3.1048      3.3240      3.3132      3.2870      3.3336      3.3260      3.3100      3.4128      3.4119      3.4064      
2015-09-22     1.9016      1.9001      1.8777      2.3920      2.3947      2.4105      2.6256      2.6264      2.7470      3.0508      3.0285      3.0149      3.1328      3.1165      3.1075      3.3266      3.3176      3.2919      3.3357      3.3290      3.3129      3.4130      3.4123      3.4070      
2015-09-23     1.9032      1.9013      1.8792      2.3940      2.3950      2.4009      2.6480      2.6319      2.7458      3.0644      3.0361      3.0263      3.1390      3.1220      3.1103      3.3290      3.3211      3.2966      3.3377      3.3319      3.3158      3.4130      3.4122      3.4077      
2015-09-24     1.9052      1.9023      1.8853      2.4118      2.4030      2.4035      2.6692      2.6400      2.7441      3.0758      3.0447      3.0334      3.1440      3.1279      3.1130      3.3322      3.3250      3.3007      3.3402      3.3347      3.3189      3.4130      3.4125      3.4083      
2015-09-25     1.9066      1.9030      1.8927      2.4232      2.4074      2.4059      2.6928      2.6486      2.7412      3.0826      3.0529      3.0399      3.1475      3.1335      3.1159      3.3355      3.3281      3.3048      3.3432      3.3373      3.3221      3.4130      3.4127      3.4090      
2015-09-28     1.9084      1.9041      1.8995      2.4312      2.4111      2.4079      2.7102      2.6604      2.7327      3.0860      3.0614      3.0443      3.1497      3.1381      3.1186      3.3380      3.3310      3.3089      3.3463      3.3399      3.3252      3.4130      3.4129      3.4096      
2015-09-29     1.9082      1.9049      1.9048      2.4356      2.4138      2.4089      2.7226      2.6741      2.7226      3.0892      3.0700      3.0472      3.1513      3.1421      3.1212      3.3403      3.3335      3.3128      3.3484      3.3421      3.3281      3.4130      3.4130      3.4102      
2015-09-30     1.9244      1.9138      1.9132      2.4370      2.4155      2.4088      2.7342      2.6911      2.7119      3.0902      3.0773      3.0491      3.1526      3.1458      3.1238      3.3413      3.3352      3.3163      3.3500      3.3439      3.3306      3.4130      3.4130      3.4107      
2015-10-08     1.9244      1.9148      1.9071      2.4210      2.4164      2.4078      2.7442      2.7067      2.7004      3.0898      3.0828      3.0511      3.1525      3.1482      3.1262      3.3414      3.3368      3.3198      3.3512      3.3457      3.3330      3.4132      3.4131      3.4113      
2015-10-09     1.9242      1.9154      1.9074      2.4116      2.4174      2.4073      2.7488      2.7208      2.6903      3.0914      3.0870      3.0534      3.1536      3.1505      3.1289      3.3422      3.3388      3.3234      3.3531      3.3481      3.3356      3.4134      3.4132      3.4120      
2015-10-10     1.9230      1.9157      1.9074      2.4056      2.4184      2.4068      2.7504      2.7303      2.6805      3.0928      3.0894      3.0561      3.1563      3.1530      3.1323      3.3444      3.3412      3.3272      3.3557      3.3510      3.3385      3.4136      3.4133      3.4126      
2015-10-12     1.9220      1.9151      1.9076      2.4012      2.4184      2.4066      2.7506      2.7366      2.6815      3.0934      3.0913      3.0599      3.1603      3.1558      3.1362      3.3462      3.3433      3.3305      3.3579      3.3531      3.3411      3.4138      3.4134      3.4129      
2015-10-13     1.9042      1.9143      1.9078      2.3990      2.4180      2.4065      2.7468      2.7405      2.6862      3.0932      3.0917      3.0639      3.1662      3.1594      3.1407      3.3476      3.3445      3.3328      3.3597      3.3549      3.3434      3.4138      3.4134      3.4128      
2015-10-14     1.9024      1.9134      1.9079      2.3984      2.4097      2.4064      2.7458      2.7450      2.6925      3.0922      3.0910      3.0679      3.1731      3.1628      3.1453      3.3501      3.3457      3.3354      3.3616      3.3564      3.3455      3.4138      3.4135      3.4130      
2015-10-15     1.9014      1.9128      1.9079      2.3978      2.4047      2.4061      2.7432      2.7460      2.6973      3.0880      3.0897      3.0713      3.1783      3.1660      3.1497      3.3514      3.3468      3.3374      3.3620      3.3576      3.3474      3.4140      3.4137      3.4132      
2015-10-16     1.9004      1.9117      1.9079      2.3964      2.4010      2.4061      2.7404      2.7454      2.7029      3.0822      3.0875      3.0745      3.1817      3.1690      3.1536      3.3504      3.3474      3.3392      3.3611      3.3584      3.3492      3.4142      3.4139      3.4134      
2015-10-19     1.9004      1.9112      1.9081      2.3960      2.3986      2.4062      2.7380      2.7443      2.7092      3.0748      3.0841      3.0771      3.1828      3.1716      3.1568      3.3499      3.3481      3.3408      3.3608      3.3593      3.3507      3.4146      3.4142      3.4136      
2015-10-20     1.9010      1.9026      1.9082      2.3954      2.3972      2.4064      2.7350      2.7409      2.7160      3.0666      3.0799      3.0786      3.1813      3.1738      3.1598      3.3505      3.3491      3.3421      3.3608      3.3603      3.3521      3.4156      3.4147      3.4139      
2015-10-21     1.9020      1.9022      1.9085      2.3948      2.3966      2.4065      2.7326      2.7392      2.7230      3.0560      3.0741      3.0785      3.1779      3.1755      3.1619      3.3501      3.3501      3.3435      3.3608      3.3612      3.3534      3.4166      3.4152      3.4142      
2015-10-22     1.9026      1.9020      1.9087      2.3946      2.3962      2.4068      2.7318      2.7375      2.7292      3.0472      3.0676      3.0773      3.1724      3.1754      3.1630      3.3498      3.3506      3.3447      3.3608      3.3614      3.3548      3.4172      3.4156      3.4144      
2015-10-23     1.9046      1.9025      1.9091      2.3960      2.3962      2.4073      2.7310      2.7357      2.7330      3.0386      3.0604      3.0749      3.1647      3.1732      3.1631      3.3508      3.3506      3.3459      3.3610      3.3611      3.3560      3.4178      3.4160      3.4147      
2015-10-26     1.8922      1.8963      1.9057      2.3846      2.3903      2.4044      2.7222      2.7301      2.7334      3.0048      3.0398      3.0656      3.1458      3.1643      3.1601      3.3404      3.3452      3.3442      3.3544      3.3576      3.3554      3.4130      3.4138      3.4136      
2015-10-27     1.8716      1.8863      1.9003      2.3652      2.3803      2.3992      2.7054      2.7202      2.7304      2.9598      3.0132      3.0525      3.1202      3.1508      3.1551      3.3246      3.3376      3.3410      3.3458      3.3533      3.3541      3.4062      3.4109      3.4122      
2015-10-28     1.8498      1.8759      1.8947      2.3448      2.3698      2.3898      2.6876      2.7101      2.7276      2.9122      2.9841      3.0376      3.0940      3.1360      3.1494      3.3042      3.3272      3.3364      3.3344      3.3476      3.3520      3.3966      3.4066      3.4101      
2015-10-29     1.8286      1.8656      1.8892      2.3238      2.3592      2.3820      2.6694      2.7006      2.7233      2.8634      2.9553      3.0225      3.0698      3.1211      3.1435      3.2816      3.3157      3.3313      3.3208      3.3408      3.3492      3.3858      3.4015      3.4076      
2015-10-30     1.8064      1.8555      1.8836      2.3018      2.3489      2.3750      2.6514      2.6912      2.7183      2.8117      2.9252      3.0063      3.0482      3.1064      3.1377      3.2567      3.3038      3.3256      3.3046      3.3328      3.3456      3.3737      3.3958      3.4048      
2015-11-02     1.7970      1.8446      1.8779      2.2924      2.3385      2.3686      2.6414      2.6818      2.7131      2.7851      2.8950      2.9895      3.0398      3.0928      3.1322      3.2415      3.2910      3.3195      3.2932      3.3238      3.3416      3.3663      3.3897      3.4019      
2015-11-03     1.7954      1.8335      1.8681      2.2910      2.3281      2.3627      2.6392      2.6723      2.7066      2.7697      2.8648      2.9723      3.0389      3.0796      3.1267      3.2305      3.2776      3.3133      3.2826      3.3142      3.3372      3.3603      3.3833      3.3990      
2015-11-04     1.7942      1.8220      1.8621      2.2912      2.3180      2.3573      2.6376      2.6626      2.7009      2.7579      2.8351      2.9546      3.0396      3.0668      3.1212      3.2233      3.2638      3.3069      3.2742      3.3043      3.3327      3.3563      3.3765      3.3958      
2015-11-05     1.7920      1.8103      1.8562      2.2906      2.3072      2.3517      2.6348      2.6521      2.6948      2.7473      2.8054      2.9365      3.0405      3.0552      3.1153      3.2167      3.2492      3.2999      3.2670      3.2939      3.3277      3.3535      3.3697      3.3926      
2015-11-06     1.7898      1.7981      1.8503      2.2894      2.2956      2.3459      2.6324      2.6419      2.6888      2.7382      2.7750      2.9177      3.0404      3.0443      3.1088      3.2114      3.2341      3.2923      3.2616      3.2831      3.3221      3.3520      3.3629      3.3894      
2015-11-09     1.7884      1.7927      1.8445      2.2882      2.2903      2.3403      2.6294      2.6354      2.6828      2.7294      2.7573      2.8985      3.0386      3.0392      3.1018      3.2066      3.2241      3.2846      3.2574      3.2753      3.3165      3.3510      3.3587      3.3862      
2015-11-10     1.7866      1.7910      1.8387      2.2862      2.2886      2.3345      2.6274      2.6333      2.6768      2.7212      2.7455      2.8793      3.0369      3.0379      3.0943      3.2030      3.2168      3.2772      3.2544      3.2685      3.3109      3.3504      3.3554      3.3831      
2015-11-11     1.7850      1.7896      1.8328      2.2834      2.2873      2.3286      2.6254      2.6315      2.6708      2.7148      2.7364      2.8602      3.0354      3.0375      3.0867      3.2004      3.2119      3.2695      3.2520      3.2631      3.3054      3.3502      3.3533      3.3799      
2015-11-12     1.7844      1.7882      1.8269      2.2816      2.2861      2.3227      2.6236      2.6292      2.6649      2.7082      2.7278      2.8415      3.0341      3.0373      3.0792      3.1994      3.2081      3.2619      3.2506      3.2588      3.2998      3.3502      3.3519      3.3767      
2015-11-13     1.7842      1.7870      1.8213      2.2802      2.2848      2.3169      2.6214      2.6269      2.6591      2.7038      2.7210      2.8231      3.0338      3.0371      3.0718      3.1994      3.2054      3.2546      3.2500      3.2558      3.2943      3.3504      3.3512      3.3735      
2015-11-16     1.7838      1.7861      1.8154      2.2790      2.2836      2.3111      2.6200      2.6247      2.6533      2.7010      2.7152      2.8051      3.0348      3.0367      3.0648      3.1998      3.2032      3.2471      3.2500      3.2537      3.2888      3.3505      3.3508      3.3702      
2015-11-17     1.7836      1.7851      1.8093      2.2786      2.2824      2.3053      2.6190      2.6232      2.6478      2.6982      2.7097      2.7872      3.0360      3.0365      3.0580      3.1996      3.2013      3.2394      3.2500      3.2522      3.2832      3.3503      3.3504      3.3668      
2015-11-18     1.7834      1.7842      1.8031      2.2786      2.2810      2.2995      2.6186      2.6220      2.6423      2.6962      2.7055      2.7703      3.0380      3.0367      3.0518      3.1992      3.1998      3.2318      3.2500      3.2510      3.2777      3.3503      3.3503      3.3634      
2015-11-19     1.7836      1.7840      1.7972      2.2788      2.2802      2.2937      2.6192      2.6214      2.6368      2.6958      2.7020      2.7537      3.0400      3.0371      3.0461      3.1986      3.1990      3.2241      3.2500      3.2503      3.2721      3.3503      3.3503      3.3600      
2015-11-20     1.7832      1.7837      1.7909      2.2796      2.2799      2.2878      2.6204      2.6209      2.6314      2.6964      2.7001      2.7375      3.0420      3.0379      3.0411      3.1982      3.1988      3.2164      3.2500      3.2500      3.2666      3.3502      3.3503      3.3566      
2015-11-23     1.7834      1.7836      1.7882      2.2804      2.2797      2.2850      2.6236      2.6218      2.6286      2.6972      2.6991      2.7282      3.0436      3.0392      3.0392      3.1982      3.1990      3.2115      3.2500      3.2500      3.2627      3.3501      3.3503      3.3545      
2015-11-24     1.7840      1.7838      1.7874      2.2818      2.2802      2.2844      2.6272      2.6231      2.6282      2.6988      2.6985      2.7220      3.0456      3.0408      3.0394      3.1986      3.1991      3.2079      3.2500      3.2500      3.2593      3.3501      3.3502      3.3528      
2015-11-25     1.7848      1.7841      1.7869      2.2832      2.2809      2.2841      2.6304      2.6245      2.6280      2.6998      2.6980      2.7172      3.0468      3.0424      3.0400      3.1990      3.1991      3.2055      3.2500      3.2500      3.2566      3.3501      3.3502      3.3517      
2015-11-26     1.7848      1.7842      1.7862      2.2850      2.2819      2.2840      2.6334      2.6263      2.6278      2.7002      2.6980      2.7129      3.0480      3.0440      3.0407      3.1996      3.1991      3.2036      3.2500      3.2500      3.2544      3.3502      3.3503      3.3511      
2015-11-27     1.7852      1.7842      1.7856      2.2872      2.2834      2.2841      2.6364      2.6284      2.6277      2.7002      2.6983      2.7097      3.0492      3.0456      3.0414      3.2000      3.1991      3.2023      3.2500      3.2500      3.2529      3.3502      3.3502      3.3507      
2015-11-30     1.7858      1.7846      1.7854      2.2904      2.2854      2.2845      2.6376      2.6306      2.6277      2.7000      2.6986      2.7069      3.0500      3.0468      3.0418      3.2000      3.1991      3.2012      3.2500      3.2500      3.2519      3.3501      3.3501      3.3504      
2015-12-01     1.7864      1.7852      1.7852      2.2922      2.2870      2.2847      2.6382      2.6327      2.6280      2.7000      2.6994      2.7046      3.0494      3.0475      3.0420      3.2000      3.1993      3.2003      3.2500      3.2500      3.2511      3.3501      3.3501      3.3502      
2015-12-02     1.7866      1.7857      1.7850      2.2936      2.2884      2.2847      2.6384      2.6344      2.6282      2.7000      2.6999      2.7027      3.0478      3.0473      3.0420      3.2000      3.1995      3.1997      3.2500      3.2500      3.2505      3.3501      3.3501      3.3502      
2015-12-03     1.7870      1.7859      1.7850      2.2942      2.2896      2.2849      2.6382      2.6358      2.6286      2.7000      2.7001      2.7011      3.0464      3.0472      3.0421      3.2000      3.1998      3.1994      3.2500      3.2500      3.2502      3.3500      3.3501      3.3502      
2015-12-04     1.7872      1.7862      1.7850      2.2942      2.2907      2.2853      2.6370      2.6367      2.6288      2.7000      2.7001      2.7001      3.0450      3.0471      3.0425      3.2000      3.2000      3.1994      3.2500      3.2500      3.2500      3.3500      3.3501      3.3502      
2015-12-07     1.7864      1.7861      1.7849      2.2926      2.2915      2.2856      2.6362      2.6369      2.6294      2.7000      2.7000      2.6996      3.0446      3.0473      3.0433      3.2000      3.2000      3.1995      3.2500      3.2500      3.2500      3.3500      3.3501      3.3502      
2015-12-08     1.7860      1.7862      1.7850      2.2922      2.2922      2.2862      2.6364      2.6373      2.6302      2.7000      2.7000      2.6993      3.0454      3.0474      3.0441      3.2000      3.2000      3.1996      3.2500      3.2500      3.2500      3.3500      3.3500      3.3501      
2015-12-09     1.7866      1.7866      1.7854      2.2924      2.2930      2.2870      2.6368      2.6376      2.6311      2.7000      2.7000      2.6990      3.0464      3.0471      3.0448      3.2000      3.2000      3.1996      3.2500      3.2500      3.2500      3.3500      3.3500      3.3501      
2015-12-10     1.7870      1.7870      1.7856      2.2934      2.2938      2.2879      2.6378      2.6380      2.6322      2.7002      2.7001      2.6991      3.0470      3.0467      3.0454      3.2000      3.2000      3.1996      3.2500      3.2500      3.2500      3.3500      3.3500      3.3501      
2015-12-11     1.7872      1.7872      1.7857      2.2952      2.2947      2.2891      2.6398      2.6384      2.6334      2.7004      2.7002      2.6993      3.0486      3.0468      3.0462      3.2000      3.2000      3.1996      3.2500      3.2500      3.2500      3.3500      3.3500      3.3501      
2015-12-14     1.7880      1.7872      1.7859      2.2976      2.2951      2.2903      2.6408      2.6385      2.6346      2.7004      2.7002      2.6994      3.0482      3.0464      3.0466      3.2000      3.2000      3.1996      3.2500      3.2500      3.2500      3.3500      3.3500      3.3500      
2015-12-15     1.7884      1.7872      1.7862      2.2990      2.2956      2.2913      2.6406      2.6385      2.6356      2.7046      2.7023      2.7009      3.0482      3.0468      3.0472      3.2000      3.2000      3.1997      3.2500      3.2500      3.2500      3.3500      3.3500      3.3500      
2015-12-16     1.7886      1.7876      1.7867      2.3004      2.2964      2.2924      2.6402      2.6385      2.6365      2.7130      2.7065      2.7032      3.0483      3.0474      3.0473      3.2000      3.2000      3.1998      3.2500      3.2500      3.2500      3.3500      3.3500      3.3500      
2015-12-17     1.7894      1.7882      1.7871      2.3008      2.2971      2.2934      2.6398      2.6388      2.6373      2.7252      2.7127      2.7064      3.0487      3.0479      3.0475      3.2000      3.2000      3.1999      3.2500      3.2500      3.2500      3.3500      3.3500      3.3500      
2015-12-18     1.7950      1.7911      1.7887      2.3040      2.2996      2.2952      2.6484      2.6441      2.6404      2.7494      2.7249      2.7125      3.0486      3.0486      3.0478      3.2000      3.2000      3.2000      3.2500      3.2500      3.2500      3.3500      3.3500      3.3500      
2015-12-21     1.8060      1.7970      1.7916      2.3102      2.3039      2.2977      2.6686      2.6547      2.6458      2.7876      2.7440      2.7220      3.0504      3.0493      3.0483      3.2000      3.2000      3.2000      3.2500      3.2500      3.2500      3.3501      3.3500      3.3500      
2015-12-22     1.8234      1.8059      1.7961      2.3188      2.3089      2.3006      2.6944      2.6675      2.6524      2.8322      2.7684      2.7342      3.0524      3.0503      3.0489      3.2000      3.2000      3.2000      3.2500      3.2500      3.2500      3.3501      3.3500      3.3500      
2015-12-23     1.8460      1.8173      1.8020      2.3282      2.3143      2.3037      2.7316      2.6859      2.6618      2.8812      2.7971      2.7486      3.0576      3.0530      3.0500      3.2000      3.2000      3.2000      3.2500      3.2500      3.2500      3.3501      3.3500      3.3500      
2015-12-24     1.8722      1.8308      1.8089      2.3380      2.3194      2.3066      2.7764      2.7081      2.6731      2.9288      2.8270      2.7636      3.0634      3.0561      3.0514      3.2000      3.2000      3.2000      3.2500      3.2500      3.2500      3.3501      3.3500      3.3500      
2015-12-25     1.8958      1.8454      1.8163      2.3454      2.3247      2.3097      2.8192      2.7338      2.6861      2.9652      2.8573      2.7788      3.0699      3.0592      3.0530      3.2000      3.2000      3.2000      3.2500      3.2500      3.2500      3.3501      3.3500      3.3500      
2015-12-28     1.9150      1.8605      1.8239      2.3494      2.3298      2.3125      2.8544      2.7615      2.7000      2.9883      2.8880      2.7941      3.0765      3.0634      3.0549      3.2000      3.2000      3.2000      3.2500      3.2500      3.2500      3.3500      3.3500      3.3500      
2015-12-29     1.9270      1.8752      1.8312      2.3514      2.3351      2.3154      2.8866      2.7905      2.7145      3.0005      2.9164      2.8093      3.0819      3.0671      3.0570      3.2000      3.2000      3.2000      3.2500      3.2500      3.2500      3.3500      3.3500      3.3500      
2015-12-30     1.9334      1.8897      1.8387      2.3522      2.3402      2.3183      2.9054      2.8185      2.7285      3.0039      2.9426      2.8245      3.0848      3.0712      3.0593      3.2000      3.2000      3.2000      3.2500      3.2500      3.2500      3.3500      3.3500      3.3500      
2015-12-31     1.9468      1.9095      1.8489      2.3536      2.3458      2.3215      2.9222      2.8493      2.7441      3.0043      2.9666      2.8396      3.0864      3.0749      3.0614      3.2000      3.2000      3.2000      3.2500      3.2500      3.2500      3.3500      3.3500      3.3500      
