日期           O/N                                 1W                                  2W                                  1M                                  3M                                  6M                                  9M                                  1Y                                  
===========================================================================================================================================
               5日均值     10日均值    20日均值    5日均值     10日均值    20日均值    5日均值     10日均值    20日均值    5日均值     10日均值    20日均值    5日均值     10日均值    20日均值    5日均值     10日均值    20日均值    5日均值     10日均值    20日均值    5日均值     10日均值    20日均值    
2007-01-04     1.5989      1.6201      1.7316      1.8227      1.9919      2.0624      2.1635      2.2872      2.3238      2.5828      2.5776      2.5907      2.8080      2.8076      2.8078      2.8683      2.8679      2.8645      2.9302      2.9301      2.9292      3.0021      3.0020      3.0017      
2007-01-05     1.5377      1.6004      1.7016      1.7088      1.9523      2.0245      2.0978      2.2563      2.3063      2.5805      2.5777      2.5836      2.8080      2.8077      2.8077      2.8684      2.8681      2.8651      2.9303      2.9301      2.9295      3.0021      3.0021      3.0018      
2007-01-08     1.4681      1.5745      1.6706      1.6064      1.8924      1.9848      2.0592      2.2263      2.2884      2.5752      2.5763      2.5782      2.8080      2.8078      2.8077      2.8685      2.8682      2.8656      2.9304      2.9302      2.9297      3.0022      3.0021      3.0018      
2007-01-09     1.4260      1.5488      1.6387      1.5109      1.8075      1.9447      2.0399      2.1841      2.2689      2.5697      2.5749      2.5747      2.8080      2.8079      2.8076      2.8686      2.8683      2.8661      2.9305      2.9303      2.9298      3.0023      3.0021      3.0019      
2007-01-10     1.3829      1.5196      1.6104      1.4697      1.7217      1.9055      2.0311      2.1288      2.2474      2.5623      2.5728      2.5725      2.8080      2.8080      2.8076      2.8687      2.8684      2.8665      2.9306      2.9304      2.9299      3.0023      3.0022      3.0019      
2007-01-11     1.3635      1.4812      1.5825      1.4474      1.6351      1.8647      1.9781      2.0708      2.2244      2.5537      2.5682      2.5702      2.8081      2.8080      2.8077      2.8687      2.8685      2.8669      2.9307      2.9304      2.9301      3.0024      3.0022      3.0020      
2007-01-12     1.3436      1.4407      1.5548      1.4272      1.5680      1.8318      1.9240      2.0109      2.1960      2.5444      2.5624      2.5679      2.8081      2.8080      2.8077      2.8688      2.8686      2.8673      2.9307      2.9305      2.9302      3.0024      3.0023      3.0020      
2007-01-15     1.3291      1.3986      1.5309      1.4127      1.5096      1.7983      1.8679      1.9635      2.1667      2.5368      2.5560      2.5651      2.8081      2.8080      2.8077      2.8688      2.8687      2.8677      2.9308      2.9306      2.9302      3.0024      3.0023      3.0021      
2007-01-16     1.3144      1.3702      1.5087      1.3993      1.4551      1.7658      1.8056      1.9228      2.1344      2.5287      2.5492      2.5623      2.8080      2.8080      2.8077      2.8688      2.8687      2.8680      2.9308      2.9307      2.9303      3.0024      3.0023      3.0021      
2007-01-17     1.3074      1.3452      1.4917      1.4138      1.4417      1.7396      1.7740      1.9026      2.1068      2.5228      2.5425      2.5597      2.8079      2.8080      2.8077      2.8689      2.8688      2.8682      2.9309      2.9308      2.9304      3.0024      3.0024      3.0022      
2007-01-18     1.3253      1.3444      1.4823      1.4323      1.4398      1.7159      1.7924      1.8853      2.0862      2.5193      2.5365      2.5570      2.8079      2.8080      2.8078      2.8689      2.8688      2.8684      2.9310      2.9308      2.9305      3.0024      3.0024      3.0022      
2007-01-19     1.3468      1.3452      1.4728      1.4610      1.4441      1.6982      1.8489      1.8865      2.0714      2.5177      2.5311      2.5544      2.8079      2.8080      2.8079      2.8690      2.8689      2.8685      2.9311      2.9309      2.9305      3.0024      3.0024      3.0022      
2007-01-22     1.3708      1.3500      1.4622      1.5396      1.4761      1.6843      1.9221      1.8950      2.0607      2.5172      2.5270      2.5516      2.8080      2.8080      2.8079      2.8690      2.8689      2.8686      2.9312      2.9310      2.9306      3.0024      3.0024      3.0023      
2007-01-23     1.4340      1.3742      1.4615      1.6579      1.5286      1.6680      2.0168      1.9112      2.0477      2.5174      2.5231      2.5490      2.8080      2.8080      2.8080      2.8691      2.8690      2.8687      2.9313      2.9311      2.9307      3.0024      3.0024      3.0023      
2007-01-24     1.5122      1.4098      1.4647      1.7594      1.5866      1.6541      2.0961      1.9351      2.0319      2.5178      2.5203      2.5465      2.8081      2.8080      2.8080      2.8692      2.8690      2.8687      2.9314      2.9311      2.9307      3.0024      3.0024      3.0023      
2007-01-25     1.5783      1.4518      1.4665      1.8616      1.6469      1.6410      2.1338      1.9631      2.0170      2.5180      2.5187      2.5435      2.8081      2.8080      2.8080      2.8692      2.8691      2.8688      2.9314      2.9312      2.9308      3.0024      3.0024      3.0023      
2007-01-26     1.6536      1.5002      1.4704      1.9659      1.7135      1.6407      2.1618      2.0054      2.0081      2.5183      2.5180      2.5402      2.8082      2.8080      2.8080      2.8693      2.8691      2.8689      2.9315      2.9313      2.9309      3.0024      3.0024      3.0023      
2007-01-29     1.7262      1.5485      1.4736      2.0320      1.7858      1.6477      2.1779      2.0500      2.0068      2.5186      2.5179      2.5369      2.8082      2.8081      2.8081      2.8694      2.8692      2.8689      2.9316      2.9314      2.9310      3.0025      3.0024      3.0024      
2007-01-30     1.7635      1.5988      1.4845      2.0595      1.8587      1.6569      2.1866      2.1017      2.0122      2.5189      2.5182      2.5337      2.8082      2.8081      2.8081      2.8694      2.8693      2.8690      2.9317      2.9315      2.9311      3.0025      3.0024      3.0024      
2007-01-31     1.7776      1.6449      1.4950      2.0767      1.9180      1.6799      2.1866      2.1413      2.0220      2.5191      2.5184      2.5305      2.8082      2.8082      2.8081      2.8695      2.8693      2.8690      2.9317      2.9316      2.9312      3.0025      3.0025      3.0024      
2007-02-01     1.7788      1.6785      1.5115      2.0898      1.9757      1.7078      2.2001      2.1670      2.0261      2.5201      2.5191      2.5278      2.8083      2.8082      2.8081      2.8696      2.8694      2.8691      2.9318      2.9316      2.9312      3.0025      3.0025      3.0024      
2007-02-02     1.7720      1.7128      1.5290      2.0741      2.0200      1.7321      2.2267      2.1943      2.0404      2.5221      2.5202      2.5256      2.8083      2.8082      2.8081      2.8696      2.8695      2.8692      2.9318      2.9317      2.9313      3.0025      3.0025      3.0024      
2007-02-05     1.7672      1.7467      1.5483      2.0678      2.0499      1.7630      2.3120      2.2449      2.0700      2.5513      2.5349      2.5310      2.8083      2.8083      2.8081      2.8697      2.8695      2.8692      2.9319      2.9317      2.9314      3.0025      3.0025      3.0024      
2007-02-06     1.7674      1.7655      1.5699      2.0823      2.0709      1.7997      2.4734      2.3300      2.1206      2.6155      2.5672      2.5451      2.8084      2.8083      2.8081      2.8697      2.8696      2.8693      2.9319      2.9318      2.9314      3.0025      3.0025      3.0025      
2007-02-07     1.7797      1.7786      1.5942      2.1714      2.1241      1.8553      2.7063      2.4465      2.1908      2.7288      2.6240      2.5721      2.8098      2.8090      2.8085      2.8697      2.8696      2.8693      2.9320      2.9319      2.9315      3.0025      3.0025      3.0025      
2007-02-08     1.8073      1.7930      1.6224      2.4600      2.2749      1.9609      2.9606      2.5804      2.2717      2.8773      2.6987      2.6087      2.8122      2.8102      2.8091      2.8698      2.8697      2.8694      2.9320      2.9319      2.9316      3.0025      3.0025      3.0025      
2007-02-09     2.0133      1.8927      1.6964      2.8914      2.4827      2.0981      3.2696      2.7482      2.3768      3.0951      2.8086      2.6633      2.8192      2.8137      2.8109      2.8698      2.8697      2.8694      2.9321      2.9320      2.9316      3.0025      3.0025      3.0025      
2007-02-12     2.4618      2.1145      1.8315      3.3708      2.7193      2.2526      3.6133      2.9626      2.5063      3.3719      2.9616      2.7397      2.8326      2.8205      2.8143      2.8700      2.8698      2.8695      2.9322      2.9320      2.9317      3.0025      3.0025      3.0025      
2007-02-13     2.7785      2.2730      1.9359      3.6284      2.8553      2.3570      3.7758      3.1246      2.6131      3.6055      3.1105      2.8143      2.8458      2.8271      2.8176      2.8704      2.8700      2.8697      2.9323      2.9321      2.9318      3.0025      3.0025      3.0025      
2007-02-14     3.2142      2.4969      2.0709      3.9201      3.0458      2.4819      3.8831      3.2947      2.7180      3.7796      3.2542      2.8863      2.8582      2.8340      2.8211      2.8708      2.8703      2.8698      2.9324      2.9322      2.9319      3.0026      3.0025      3.0025      
2007-02-15     3.4532      2.6303      2.1544      3.9116      3.1858      2.5807      3.8087      3.3847      2.7758      3.7588      3.3181      2.9186      2.8700      2.8411      2.8246      2.8712      2.8705      2.8700      2.9325      2.9322      2.9319      3.0026      3.0026      3.0025      
2007-02-16     3.2950      2.6542      2.1835      3.5122      3.2018      2.6109      3.4463      3.3580      2.7761      3.5968      3.3460      2.9331      2.8759      2.8475      2.8279      2.8718      2.8708      2.8701      2.9325      2.9323      2.9320      3.0027      3.0026      3.0025      
2007-02-17     2.7975      2.6297      2.1882      2.9210      3.1459      2.5979      2.9470      3.2801      2.7625      3.3182      3.3450      2.9400      2.8737      2.8532      2.8307      2.8723      2.8711      2.8703      2.9326      2.9324      2.9321      3.0027      3.0026      3.0025      
2007-02-25     2.4868      2.6327      2.1991      2.8106      3.2195      2.6452      2.7922      3.2840      2.8070      3.0571      3.3313      2.9493      2.8719      2.8589      2.8336      2.8725      2.8715      2.8705      2.9326      2.9325      2.9321      3.0027      3.0026      3.0026      
2007-02-26     2.0417      2.6279      2.2033      2.5445      3.2323      2.6782      2.5991      3.2411      2.8438      2.8051      3.2923      2.9582      2.8692      2.8637      2.8364      2.8727      2.8718      2.8707      2.9327      2.9325      2.9322      3.0027      3.0027      3.0026      
2007-02-27     1.7616      2.6074      2.2002      2.3545      3.1330      2.7040      2.5182      3.1635      2.8719      2.7105      3.2347      2.9667      2.8657      2.8678      2.8390      2.8729      2.8721      2.8709      2.9327      2.9326      2.9323      3.0028      3.0027      3.0026      
2007-02-28     1.6933      2.4941      2.1934      2.3226      2.9174      2.7000      2.5347      2.9905      2.8693      2.6555      3.1262      2.9674      2.8619      2.8689      2.8413      2.8729      2.8723      2.8710      2.9327      2.9326      2.9323      3.0028      3.0027      3.0026      
2007-03-01     1.7085      2.2530      2.1838      2.3716      2.6463      2.6828      2.5494      2.7482      2.8554      2.6168      2.9675      2.9645      2.8583      2.8660      2.8432      2.8728      2.8726      2.8712      2.9327      2.9327      2.9323      3.0028      3.0027      3.0026      
2007-03-02     1.6494      2.0681      2.1705      2.1263      2.4685      2.6619      2.3031      2.5477      2.8361      2.5606      2.8089      2.9597      2.8531      2.8625      2.8448      2.8727      2.8726      2.8713      2.9327      2.9327      2.9324      3.0028      3.0028      3.0026      
2007-03-05     1.5910      1.8163      2.1566      1.9266      2.2356      2.6407      2.0744      2.3368      2.8157      2.4828      2.6439      2.9491      2.8470      2.8581      2.8460      2.8725      2.8726      2.8714      2.9326      2.9326      2.9324      3.0028      3.0028      3.0027      
2007-03-06     1.5461      1.6538      2.1420      1.7432      2.0489      2.6173      1.8753      2.1968      2.7907      2.3962      2.5533      2.9357      2.8405      2.8531      2.8471      2.8723      2.8726      2.8716      2.9325      2.9326      2.9324      3.0028      3.0028      3.0027      
2007-03-07     1.5031      1.5982      2.1262      1.6548      1.9887      2.5952      1.7950      2.1649      2.7614      2.3417      2.4986      2.9223      2.8347      2.8483      2.8479      2.8721      2.8725      2.8717      2.9324      2.9326      2.9324      3.0028      3.0028      3.0027      
2007-03-08     1.4681      1.5883      2.1090      1.6095      1.9905      2.5682      1.7622      2.1558      2.7180      2.3015      2.4592      2.9021      2.8299      2.8441      2.8486      2.8720      2.8724      2.8718      2.9323      2.9325      2.9325      3.0028      3.0028      3.0027      
2007-03-09     1.4432      1.5463      2.0895      1.5718      1.8491      2.5343      1.7536      2.0284      2.6562      2.2693      2.4150      2.8731      2.8264      2.8397      2.8493      2.8719      2.8723      2.8719      2.9323      2.9325      2.9325      3.0028      3.0028      3.0027      
2007-03-12     1.4193      1.5051      2.0665      1.5337      1.7302      2.4812      1.7328      1.9036      2.5724      2.2596      2.3712      2.8318      2.8240      2.8355      2.8496      2.8719      2.8722      2.8720      2.9322      2.9324      2.9325      3.0028      3.0028      3.0027      
2007-03-13     1.3985      1.4723      2.0398      1.5029      1.6231      2.3781      1.7302      1.8028      2.4831      2.2583      2.3273      2.7810      2.8224      2.8315      2.8496      2.8719      2.8721      2.8721      2.9327      2.9326      2.9326      3.0053      3.0040      3.0034      
2007-03-14     1.3817      1.4424      1.9683      1.4813      1.5681      2.2427      1.7319      1.7634      2.3770      2.2517      2.2967      2.7114      2.8215      2.8281      2.8485      2.8719      2.8720      2.8722      2.9336      2.9330      2.9328      3.0107      3.0068      3.0047      
2007-03-15     1.3689      1.4185      1.8357      1.4635      1.5365      2.0914      1.7340      1.7481      2.2482      2.2455      2.2735      2.6205      2.8211      2.8255      2.8458      2.8720      2.8720      2.8723      2.9351      2.9337      2.9332      3.0193      3.0110      3.0069      
2007-03-16     1.3716      1.4074      1.7378      1.4677      1.5198      1.9941      1.7454      1.7495      2.1486      2.2432      2.2563      2.5326      2.8211      2.8237      2.8431      2.8722      2.8721      2.8723      2.9370      2.9347      2.9337      3.0294      3.0161      3.0094      
2007-03-19     1.4018      1.4106      1.6134      1.5052      1.5195      1.8775      1.8067      1.7698      2.0533      2.2591      2.2593      2.4516      2.8235      2.8238      2.8409      2.8757      2.8738      2.8732      2.9428      2.9375      2.9351      3.0446      3.0237      3.0132      
2007-03-20     1.4400      1.4192      1.5365      1.5538      1.5283      1.7886      1.8507      1.7905      1.9936      2.2870      2.2727      2.4130      2.8264      2.8244      2.8387      2.8815      2.8767      2.8746      2.9505      2.9416      2.9371      3.0609      3.0331      3.0179      
2007-03-21     1.4908      1.4363      1.5172      1.6171      1.5492      1.7690      1.8993      1.8156      1.9902      2.3238      2.2878      2.3932      2.8303      2.8259      2.8371      2.8888      2.8804      2.8764      2.9591      2.9464      2.9395      3.0768      3.0438      3.0233      
2007-03-22     1.5503      1.4596      1.5239      1.6899      1.5767      1.7836      1.9519      1.8430      1.9994      2.3620      2.3038      2.3815      2.8351      2.8281      2.8361      2.8977      2.8849      2.8786      2.9687      2.9519      2.9422      3.0918      3.0555      3.0292      
2007-03-23     1.6060      1.4888      1.5176      1.7597      1.6137      1.7314      1.9934      1.8694      1.9489      2.3993      2.3212      2.3681      2.8404      2.8307      2.8352      2.9081      2.8901      2.8812      2.9789      2.9580      2.9452      3.1072      3.0683      3.0355      
2007-03-26     1.6490      1.5254      1.5153      1.8165      1.6608      1.6955      2.0160      1.9114      1.9075      2.4234      2.3413      2.3562      2.8437      2.8336      2.8345      2.9165      2.8961      2.8841      2.9863      2.9646      2.9485      3.1191      3.0819      3.0423      
2007-03-27     1.6860      1.5630      1.5176      1.8674      1.7106      1.6668      2.0537      1.9522      1.8775      2.4452      2.3661      2.3467      2.8473      2.8369      2.8342      2.9238      2.9026      2.8874      2.9928      2.9716      2.9521      3.1298      3.0954      3.0497      
2007-03-28     1.7247      1.6078      1.5251      1.9089      1.7630      1.6655      2.1244      2.0119      1.8877      2.4793      2.4016      2.3491      2.8508      2.8406      2.8343      2.9299      2.9094      2.8907      2.9985      2.9788      2.9559      3.1397      3.1083      3.0575      
2007-03-29     1.7558      1.6531      1.5358      1.9421      1.8160      1.6763      2.2123      2.0821      1.9151      2.5236      2.4428      2.3582      2.8537      2.8444      2.8350      2.9346      2.9162      2.8941      3.0035      2.9861      2.9599      3.1490      3.1204      3.0657      
2007-03-30     1.7795      1.6927      1.5501      1.9632      1.8614      1.6906      2.3068      2.1501      1.9498      2.5725      2.4859      2.3711      2.8563      2.8484      2.8360      2.9385      2.9233      2.8977      3.0092      2.9941      2.9644      3.1585      3.1329      3.0745      
2007-04-02     1.7906      1.7198      1.5652      1.9623      1.8894      1.7044      2.3763      2.1962      1.9830      2.6199      2.5216      2.3905      2.8592      2.8514      2.8376      2.9416      2.9291      2.9014      3.0143      3.0003      2.9689      3.1676      3.1434      3.0835      
2007-04-03     1.8015      1.7437      1.5815      1.9602      1.9138      1.7211      2.4274      2.2406      2.0155      2.6617      2.5534      2.4131      2.8612      2.8543      2.8393      2.9442      2.9340      2.9053      3.0185      3.0056      2.9736      3.1752      3.1525      3.0928      
2007-04-04     1.7998      1.7623      1.5993      1.9581      1.9335      1.7414      2.4423      2.2834      2.0495      2.6920      2.5857      2.4367      2.8628      2.8568      2.8414      2.9467      2.9383      2.9093      3.0223      3.0104      2.9784      3.1814      3.1605      3.1022      
2007-04-05     1.8173      1.7866      1.6231      1.9620      1.9520      1.7644      2.4296      2.3210      2.0820      2.7146      2.6191      2.4614      2.8641      2.8589      2.8435      2.9492      2.9419      2.9134      3.0255      3.0145      2.9832      3.1862      3.1676      3.1116      
2007-04-06     1.8554      1.8174      1.6531      2.0050      1.9841      1.7989      2.4250      2.3659      2.1177      2.7495      2.6610      2.4911      2.8658      2.8610      2.8459      2.9514      2.9450      2.9175      3.0277      3.0185      2.9882      3.1894      3.1740      3.1211      
2007-04-09     1.8951      1.8428      1.6841      2.0753      2.0188      1.8398      2.4770      2.4267      2.1690      2.7949      2.7074      2.5243      2.8685      2.8638      2.8487      2.9538      2.9477      2.9219      3.0304      3.0224      2.9935      3.1921      3.1799      3.1309      
2007-04-10     1.9384      1.8699      1.7165      2.1608      2.0605      1.8856      2.5923      2.5099      2.2310      2.8507      2.7562      2.5612      2.8721      2.8667      2.8518      2.9558      2.9500      2.9263      3.0336      3.0260      2.9988      3.1945      3.1848      3.1401      
2007-04-11     1.9859      1.8929      1.7503      2.2434      2.1007      1.9319      2.6972      2.5698      2.2908      2.9122      2.8021      2.6018      2.8765      2.8697      2.8551      2.9583      2.9525      2.9309      3.0372      3.0298      3.0043      3.1972      3.1893      3.1488      
2007-04-12     2.0140      1.9157      1.7844      2.3225      2.1422      1.9791      2.8260      2.6278      2.3550      2.9703      2.8425      2.6426      2.8813      2.8727      2.8585      2.9610      2.9551      2.9356      3.0416      3.0336      3.0098      3.2000      3.1931      3.1567      
2007-04-13     2.0379      1.9466      1.8197      2.3834      2.1942      2.0278      2.9559      2.6905      2.4203      3.0155      2.8825      2.6842      2.8854      2.8756      2.8620      2.9633      2.9574      2.9403      3.0456      3.0367      3.0154      3.2023      3.1958      3.1644      
2007-04-16     2.1298      2.0124      1.8661      2.5165      2.2959      2.0926      3.1301      2.8036      2.4999      3.0999      2.9474      2.7345      2.8885      2.8785      2.8650      2.9654      2.9596      2.9443      3.0494      3.0399      3.0201      3.2042      3.1981      3.1708      
2007-04-17     2.2206      2.0795      1.9116      2.6324      2.3966      2.1552      3.2727      2.9325      2.5866      3.1961      3.0234      2.7884      2.8924      2.8822      2.8683      2.9675      2.9617      2.9478      3.0529      3.0432      3.0244      3.2060      3.2003      3.1764      
2007-04-18     2.3096      2.1478      1.9550      2.8343      2.5388      2.2362      3.4431      3.0702      2.6768      3.3377      3.1250      2.8553      2.8959      2.8862      2.8715      2.9691      2.9637      2.9510      3.0557      3.0464      3.0284      3.2073      3.2022      3.1814      
2007-04-19     2.5113      2.2627      2.0246      3.1708      2.7466      2.3493      3.6737      3.2499      2.7854      3.5678      3.2691      2.9441      2.9056      2.8934      2.8762      2.9718      2.9664      2.9541      3.0584      3.0500      3.0322      3.2088      3.2044      3.1860      
2007-04-20     2.7595      2.3987      2.1081      3.5150      2.9492      2.4667      3.9274      3.4416      2.9038      3.8175      3.4165      3.0388      2.9182      2.9018      2.8814      2.9757      2.9695      2.9572      3.0616      3.0536      3.0360      3.2110      3.2066      3.1903      
2007-04-23     2.9447      2.5372      2.1900      3.8171      3.1668      2.5928      4.1047      3.6174      3.0220      4.0289      3.5644      3.1359      2.9325      2.9105      2.8872      2.9794      2.9724      2.9601      3.0643      3.0569      3.0396      3.2134      3.2088      3.1943      
2007-04-24     3.1519      2.6862      2.2781      4.1689      3.4007      2.7306      4.2930      3.7829      3.1464      4.2243      3.7102      3.2332      2.9466      2.9195      2.8931      2.9833      2.9754      2.9627      3.0668      3.0598      3.0429      3.2158      3.2109      3.1979      
2007-04-25     3.3581      2.8339      2.3634      4.4385      3.6364      2.8686      4.4634      3.9533      3.2615      4.3453      3.8415      3.3218      2.9609      2.9284      2.8990      2.9873      2.9782      2.9654      3.0692      3.0624      3.0461      3.2185      3.2129      3.2011      
2007-04-26     3.3538      2.9326      2.4241      4.4948      3.8328      2.9875      4.4522      4.0629      3.3454      4.3347      3.9513      3.3969      2.9680      2.9368      2.9047      2.9899      2.9809      2.9680      3.0708      3.0646      3.0491      3.2205      3.2146      3.2039      
2007-04-27     3.1851      2.9723      2.4595      4.3869      3.9510      3.0726      4.3602      4.1438      3.4171      4.2458      4.0317      3.4571      2.9723      2.9452      2.9104      2.9910      2.9834      2.9704      3.0716      3.0666      3.0516      3.2215      3.2163      3.2061      
2007-04-28     2.9041      2.9244      2.4684      3.9423      3.8797      3.0878      3.9702      4.0374      3.4205      3.9611      3.9950      3.4712      2.9730      2.9528      2.9156      2.9919      2.9857      2.9726      3.0718      3.0681      3.0540      3.2213      3.2174      3.2077      
2007-04-29     2.5381      2.8450      2.4622      3.4169      3.7929      3.0948      3.4759      3.8844      3.4085      3.6193      3.9218      3.4726      2.9706      2.9586      2.9204      2.9917      2.9875      2.9746      3.0713      3.0690      3.0561      3.2202      3.2180      3.2091      
2007-04-30     2.1628      2.7604      2.4541      2.8410      3.6398      3.0893      2.9472      3.7053      3.3877      3.2584      3.8019      3.4634      2.9668      2.9639      2.9250      2.9909      2.9891      2.9764      3.0700      3.0696      3.0580      3.2185      3.2185      3.2104      
2007-05-08     1.8891      2.6215      2.4421      2.3302      3.4125      3.0796      2.5165      3.4843      3.3671      2.9597      3.6472      3.4581      2.9631      2.9656      2.9295      2.9897      2.9898      2.9781      3.0686      3.0697      3.0599      3.2168      3.2187      3.2115      
2007-05-09     1.7221      2.4536      2.4262      1.9549      3.1709      3.0601      2.1344      3.2473      3.3445      2.7249      3.4854      3.4510      2.9588      2.9656      2.9337      2.9884      2.9897      2.9796      3.0671      3.0693      3.0615      3.2153      3.2184      3.2125      
2007-05-10     1.6664      2.2853      2.4112      1.8796      2.9110      3.0389      2.0446      3.0074      3.3124      2.6833      3.3222      3.4433      2.9562      2.9646      2.9376      2.9873      2.9896      2.9810      3.0660      3.0689      3.0629      3.2147      3.2180      3.2134      
2007-05-11     1.7128      2.1255      2.4059      2.0666      2.7417      3.0712      2.1086      2.7923      3.2876      2.7436      3.1815      3.4458      2.9560      2.9633      2.9414      2.9872      2.9895      2.9824      3.0656      3.0684      3.0641      3.2150      3.2176      3.2143      
2007-05-14     1.7869      1.9749      2.4044      2.3371      2.5890      3.1127      2.3670      2.6571      3.3052      2.8689      3.0637      3.4526      2.9585      2.9627      2.9455      2.9875      2.9892      2.9837      3.0664      3.0682      3.0653      3.2158      3.2171      3.2150      
2007-05-15     1.8409      1.8650      2.3988      2.5885      2.4594      3.1461      2.6206      2.5686      3.3157      2.9668      2.9633      3.4573      2.9614      2.9622      2.9495      2.9882      2.9890      2.9849      3.0674      3.0680      3.0663      3.2168      3.2168      3.2157      
2007-05-16     1.8903      1.8062      2.3892      2.8289      2.3919      3.1715      2.8491      2.4917      3.3178      3.0499      2.8874      3.4596      2.9641      2.9615      2.9534      2.9894      2.9889      2.9861      3.0690      3.0681      3.0673      3.2187      3.2170      3.2166      
2007-05-17     1.9314      1.7989      2.3616      3.0292      2.4544      3.1671      3.0483      2.5464      3.2919      3.0984      2.8908      3.4429      2.9657      2.9610      2.9569      2.9901      2.9887      2.9872      3.0704      3.0682      3.0681      3.2200      3.2174      3.2174      
2007-05-18     1.9207      1.8168      2.3309      2.9406      2.5036      3.1482      3.1484      2.6285      3.2565      3.0739      2.9088      3.4153      2.9665      2.9613      2.9599      2.9903      2.9888      2.9882      3.0716      3.0686      3.0688      3.2209      3.2179      3.2180      
2007-05-21     1.8886      1.8378      2.2991      2.8037      2.5704      3.1051      3.0471      2.7071      3.2062      3.0333      2.9511      3.3765      2.9691      2.9638      2.9638      2.9965      2.9920      2.9906      3.0783      3.0724      3.0710      3.2294      3.2226      3.2206      
2007-05-22     1.8663      1.8536      2.2375      2.6885      2.6385      3.0255      2.9396      2.7801      3.1322      3.0051      2.9860      3.3166      2.9755      2.9684      2.9670      3.0083      2.9983      2.9940      3.0924      3.0799      3.0748      3.2456      3.2312      3.2249      
2007-05-23     1.8414      1.8658      2.1597      2.5695      2.6992      2.9351      2.8508      2.8500      3.0486      2.9819      3.0159      3.2506      2.9860      2.9751      2.9703      3.0237      3.0065      2.9981      3.1110      3.0900      3.0797      3.2675      3.2431      3.2307      
2007-05-24     1.8180      1.8747      2.0800      2.4696      2.7494      2.8302      2.8092      2.9287      2.9680      2.9828      3.0406      3.1814      2.9999      2.9828      2.9737      3.0414      3.0158      3.0027      3.1330      3.1017      3.0853      3.2952      3.2576      3.2378      
2007-05-25     1.8097      1.8652      1.9954      2.4248      2.6827      2.7122      2.7811      2.9647      2.8785      3.0038      3.0389      3.1102      3.0149      2.9907      2.9770      3.0602      3.0253      3.0074      3.1573      3.1145      3.0915      3.3254      3.2731      3.2454      
2007-05-28     1.8010      1.8448      1.9098      2.3896      2.5967      2.5929      2.7833      2.9152      2.7861      3.0120      3.0227      3.0432      3.0269      2.9980      2.9803      3.0742      3.0354      3.0123      3.1767      3.1275      3.0979      3.3501      3.2898      3.2534      
2007-05-29     1.7977      1.8320      1.8485      2.3554      2.5220      2.4907      2.7949      2.8673      2.7179      3.0151      3.0101      2.9867      3.0354      3.0055      2.9839      3.0830      3.0457      3.0173      3.1896      3.1410      3.1045      3.3683      3.3070      3.2619      
2007-05-30     1.7970      1.8192      1.8127      2.3391      2.4543      2.4231      2.7965      2.8236      2.6577      3.0165      2.9992      2.9433      3.0407      3.0134      2.9874      3.0886      3.0561      3.0225      3.1981      3.1546      3.1113      3.3809      3.3242      3.2706      
2007-05-31     1.7987      1.8083      1.8036      2.3580      2.4138      2.4341      2.7901      2.7996      2.6730      3.0196      3.0012      2.9460      3.0436      3.0218      2.9914      3.0925      3.0670      3.0278      3.2038      3.1684      3.1183      3.3885      3.3419      3.2796      
2007-06-01     1.8570      1.8333      1.8251      2.4503      2.4375      2.4706      2.7927      2.7869      2.7077      3.0229      3.0134      2.9611      3.0454      3.0302      2.9957      3.0957      3.0780      3.0334      3.2074      3.1824      3.1255      3.3939      3.3596      3.2888      
2007-06-04     1.9074      1.8542      1.8460      2.5513      2.4705      2.5204      2.8026      2.7930      2.7500      3.0290      3.0205      2.9858      3.0470      3.0369      3.0004      3.0982      3.0862      3.0391      3.2105      3.1936      3.1330      3.3969      3.3735      3.2980      
2007-06-05     1.9584      1.8781      1.8658      2.6543      2.5049      2.5717      2.8186      2.8068      2.7934      3.0341      3.0246      3.0053      3.0485      3.0420      3.0052      3.1002      3.0916      3.0450      3.2129      3.2013      3.1406      3.3992      3.3837      3.3075      
2007-06-06     2.0027      1.8999      1.8828      2.7466      2.5429      2.6210      2.8456      2.8210      2.8355      3.0369      3.0267      3.0213      3.0502      3.0454      3.0103      3.1018      3.0952      3.0509      3.2149      3.2065      3.1483      3.4010      3.3909      3.3170      
2007-06-07     2.0397      1.9192      1.8969      2.7516      2.5548      2.6521      2.7989      2.7945      2.8616      3.0241      3.0219      3.0312      3.0508      3.0472      3.0150      3.1025      3.0975      3.0567      3.2166      3.2102      3.1560      3.4027      3.3956      3.3266      
2007-06-08     2.0050      1.9310      1.8981      2.6566      2.5535      2.6181      2.7200      2.7564      2.8606      3.0116      3.0173      3.0281      3.0510      3.0482      3.0195      3.1031      3.0994      3.0623      3.2179      3.2127      3.1636      3.4046      3.3993      3.3362      
2007-06-11     1.9726      1.9400      1.8924      2.5463      2.5488      2.5728      2.6666      2.7346      2.8249      2.9970      3.0130      3.0178      3.0509      3.0490      3.0235      3.1041      3.1011      3.0683      3.2184      3.2144      3.1710      3.4066      3.4018      3.3458      
2007-06-12     1.9355      1.9470      1.8895      2.4364      2.5454      2.5337      2.6617      2.7402      2.8037      2.9878      3.0109      3.0105      3.0506      3.0495      3.0275      3.1052      3.1027      3.0742      3.2187      3.2158      3.1784      3.4083      3.4037      3.3553      
2007-06-13     1.8976      1.9501      1.8847      2.3333      2.5399      2.4971      2.7201      2.7828      2.8032      2.9826      3.0097      3.0044      3.0501      3.0502      3.0318      3.1066      3.1042      3.0802      3.2188      3.2169      3.1857      3.4102      3.4056      3.3649      
2007-06-14     1.8680      1.9539      1.8811      2.4885      2.6201      2.5169      2.9252      2.8621      2.8309      2.9955      3.0098      3.0055      3.0512      3.0510      3.0364      3.1089      3.1057      3.0863      3.2191      3.2179      3.1931      3.4121      3.4074      3.3746      
2007-06-15     1.8644      1.9347      1.8840      2.8756      2.7661      2.6018      3.2388      2.9794      2.8832      3.0108      3.0112      3.0123      3.0529      3.0520      3.0411      3.1118      3.1075      3.0927      3.2199      3.2189      3.2006      3.4144      3.4095      3.3846      
2007-06-18     1.9946      1.9836      1.9189      3.2789      2.9126      2.6915      3.5676      3.1171      2.9550      3.0431      3.0201      3.0203      3.0547      3.0528      3.0449      3.1141      3.1091      3.0977      3.2210      3.2197      3.2066      3.4164      3.4115      3.3925      
2007-06-19     2.1430      2.0392      1.9587      3.6306      3.0335      2.7692      3.8113      3.2365      3.0216      3.0711      3.0294      3.0270      3.0569      3.0537      3.0478      3.1160      3.1106      3.1011      3.2219      3.2203      3.2108      3.4183      3.4133      3.3985      
2007-06-20     2.3119      2.1048      2.0023      3.7773      3.0553      2.7991      3.8776      3.2988      3.0599      3.0954      3.0390      3.0328      3.0591      3.0546      3.0500      3.1180      3.1123      3.1037      3.2233      3.2211      3.2138      3.4198      3.4150      3.4030      
2007-06-21     2.4108      2.1394      2.0293      3.5863      3.0374      2.7961      3.6449      3.2850      3.0398      3.1072      3.0514      3.0366      3.0613      3.0562      3.0517      3.1199      3.1144      3.1059      3.2248      3.2219      3.2161      3.4213      3.4167      3.4062      
2007-06-22     2.4499      2.1571      2.0441      3.1717      3.0236      2.7886      3.3151      3.2770      3.0167      3.1119      3.0614      3.0393      3.0640      3.0585      3.0534      3.1217      3.1168      3.1081      3.2266      3.2232      3.2179      3.4230      3.4187      3.4090      
2007-06-25     2.3224      2.1585      2.0493      2.7137      2.9963      2.7726      2.9409      3.2543      2.9944      3.0977      3.0704      3.0417      3.0676      3.0612      3.0551      3.1237      3.1189      3.1100      3.2287      3.2248      3.2196      3.4251      3.4208      3.4113      
2007-06-26     2.1600      2.1515      2.0492      2.2993      2.9649      2.7552      2.5861      3.1987      2.9695      3.0720      3.0715      3.0412      3.0710      3.0640      3.0567      3.1262      3.1211      3.1119      3.2314      3.2267      3.2212      3.4279      3.4231      3.4134      
2007-06-27     1.9702      2.1411      2.0456      2.0690      2.9231      2.7315      2.3410      3.1093      2.9461      3.0463      3.0708      3.0403      3.0740      3.0665      3.0583      3.1289      3.1235      3.1138      3.2344      3.2288      3.2228      3.4308      3.4253      3.4154      
2007-06-28     1.8389      2.1249      2.0394      1.9624      2.7743      2.6972      2.3302      2.9876      2.9248      3.0276      3.0674      3.0386      3.0772      3.0693      3.0601      3.1317      3.1258      3.1158      3.2380      3.2314      3.2246      3.4339      3.4276      3.4175      
2007-06-29     1.7738      2.1118      2.0233      2.0899      2.6308      2.6985      2.4450      2.8801      2.9297      3.0230      3.0675      3.0393      3.0804      3.0722      3.0621      3.1346      3.1282      3.1178      3.2420      3.2343      3.2266      3.4371      3.4301      3.4198      
2007-07-02     1.7510      2.0367      2.0102      2.4018      2.5578      2.7352      2.6385      2.7897      2.9534      3.0268      3.0623      3.0412      3.0858      3.0767      3.0648      3.1374      3.1306      3.1198      3.2463      3.2375      3.2286      3.4405      3.4328      3.4222      
2007-07-03     1.8665      2.0133      2.0262      2.8055      2.5524      2.7929      2.9358      2.7610      2.9987      3.0399      3.0560      3.0427      3.0912      3.0811      3.0674      3.1403      3.1333      3.1219      3.2510      3.2412      3.2308      3.4441      3.4360      3.4246      
2007-07-04     1.9898      1.9800      2.0424      2.9216      2.4953      2.7753      3.2179      2.7795      3.0392      3.0473      3.0468      3.0429      3.0970      3.0855      3.0701      3.1431      3.1360      3.1242      3.2563      3.2454      3.2332      3.4480      3.4394      3.4272      
2007-07-05     2.1195      1.9792      2.0593      3.0460      2.5042      2.7708      3.3091      2.8197      3.0524      3.0526      3.0401      3.0457      3.1024      3.0898      3.0730      3.1458      3.1388      3.1266      3.2612      3.2496      3.2358      3.4518      3.4429      3.4298      
2007-07-06     2.2256      1.9997      2.0784      2.9515      2.5207      2.7722      3.3925      2.9188      3.0979      3.0612      3.0421      3.0517      3.1077      3.0941      3.0763      3.1481      3.1413      3.1291      3.2658      3.2539      3.2386      3.4554      3.4463      3.4325      
2007-07-09     2.3172      2.0341      2.0963      2.7884      2.5951      2.7957      3.5259      3.0822      3.1682      3.0737      3.0503      3.0603      3.1118      3.0988      3.0800      3.1506      3.1440      3.1315      3.2706      3.2584      3.2416      3.4591      3.4498      3.4353      
2007-07-10     2.3742      2.1204      2.1359      2.7486      2.7770      2.8710      3.5728      3.2543      3.2265      3.1053      3.0726      3.0721      3.1156      3.1034      3.0837      3.1535      3.1469      3.1340      3.2752      3.2631      3.2449      3.4626      3.4533      3.4382      
2007-07-11     2.4219      2.2059      2.1735      3.0438      2.9827      2.9529      3.6232      3.4205      3.2649      3.1514      3.0994      3.0851      3.1206      3.1088      3.0877      3.1568      3.1500      3.1367      3.2794      3.2679      3.2484      3.4660      3.4570      3.4411      
2007-07-12     2.4674      2.2935      2.2092      3.2129      3.1294      2.9519      3.7703      3.5397      3.2636      3.1940      3.1233      3.0953      3.1255      3.1140      3.0916      3.1605      3.1531      3.1395      3.2839      3.2725      3.2520      3.4692      3.4605      3.4441      
2007-07-13     2.5124      2.3690      2.2404      3.3774      3.1644      2.8976      3.7592      3.5758      3.2280      3.2237      3.1425      3.1050      3.1304      3.1190      3.0956      3.1640      3.1561      3.1421      3.2879      3.2769      3.2556      3.4721      3.4638      3.4469      
2007-07-16     2.5515      2.4343      2.2355      3.4010      3.0947      2.8263      3.6096      3.5677      3.1787      3.2459      3.1598      3.1110      3.1335      3.1227      3.0997      3.1677      3.1591      3.1448      3.2917      3.2812      3.2593      3.4751      3.4671      3.4500      
2007-07-17     2.4980      2.4361      2.2247      3.2056      2.9771      2.7647      3.4338      3.5033      3.1321      3.2361      3.1707      3.1133      3.1369      3.1262      3.1037      3.1709      3.1622      3.1477      3.2952      3.2852      3.2632      3.4779      3.4702      3.4531      
2007-07-18     2.4205      2.4212      2.2006      2.8698      2.9568      2.7260      3.2231      3.4232      3.1013      3.1932      3.1723      3.1095      3.1388      3.1297      3.1076      3.1741      3.1654      3.1507      3.2983      3.2889      3.2671      3.4804      3.4732      3.4563      
2007-07-19     2.3030      2.3852      2.1822      2.6558      2.9344      2.7193      3.0742      3.4222      3.1210      3.1494      3.1717      3.1059      3.1404      3.1330      3.1114      3.1769      3.1687      3.1537      3.3008      3.2923      3.2710      3.4825      3.4759      3.4594      
2007-07-20     2.1727      2.3426      2.1711      2.4413      2.9093      2.7150      2.9969      3.3781      3.1484      3.1031      3.1634      3.1028      3.1413      3.1358      3.1150      3.1802      3.1721      3.1567      3.3033      3.2956      3.2748      3.4844      3.4782      3.4623      
2007-07-23     2.0545      2.3030      2.1685      2.2960      2.8485      2.7218      2.9449      3.2772      3.1797      3.0555      3.1507      3.1005      3.1468      3.1402      3.1195      3.1895      3.1786      3.1613      3.3143      3.3030      3.2807      3.4967      3.4859      3.4679      
2007-07-24     1.9483      2.2232      2.1718      2.1663      2.6859      2.7315      2.9203      3.1770      3.2157      3.0232      3.1297      3.1011      3.1551      3.1460      3.1247      3.2028      3.1868      3.1669      3.3294      3.3123      3.2877      3.5133      3.4956      3.4745      
2007-07-25     1.8788      2.1497      2.1778      2.1508      2.5103      2.7465      2.9207      3.0719      3.2462      3.0132      3.1032      3.1013      3.1644      3.1516      3.1302      3.2173      3.1957      3.1728      3.3461      3.3222      3.2950      3.5320      3.5062      3.4816      
2007-07-26     1.8504      2.0767      2.1851      2.1395      2.3977      2.7636      2.8375      2.9559      3.2478      3.0080      3.0787      3.1010      3.1740      3.1572      3.1356      3.2325      3.2047      3.1789      3.3645      3.3326      3.3026      3.5520      3.5172      3.4889      
2007-07-27     1.8442      2.0085      2.1887      2.1412      2.2913      2.7279      2.7351      2.8660      3.2209      3.0003      3.0517      3.0971      3.1843      3.1628      3.1409      3.2471      3.2137      3.1849      3.3826      3.3429      3.3099      3.5723      3.5283      3.4960      
2007-07-30     1.8418      1.9482      2.1912      2.1307      2.2133      2.6540      2.6182      2.7815      3.1746      2.9923      3.0239      3.0918      3.1896      3.1682      3.1454      3.2555      3.2225      3.1908      3.3918      3.3531      3.3171      3.5819      3.5393      3.5032      
2007-07-31     1.8780      1.9132      2.1747      2.2381      2.2022      2.5896      2.5823      2.7513      3.1273      2.9842      3.0037      3.0872      3.1917      3.1734      3.1498      3.2602      3.2315      3.1968      3.3970      3.3632      3.3242      3.5873      3.5503      3.5103      
2007-08-01     1.9146      1.8967      2.1590      2.3512      2.2510      2.6039      2.5782      2.7495      3.0863      2.9793      2.9963      3.0843      3.1930      3.1787      3.1542      3.2628      3.2401      3.2028      3.4004      3.3733      3.3311      3.5910      3.5615      3.5173      
2007-08-02     1.9488      1.8996      2.1424      2.3650      2.2523      2.5933      2.6679      2.7527      3.0875      2.9742      2.9911      3.0814      3.1935      3.1837      3.1584      3.2640      3.2482      3.2085      3.4023      3.3834      3.3379      3.5936      3.5728      3.5243      
2007-08-03     1.9741      1.9091      2.1259      2.3464      2.2438      2.5766      2.7649      2.7500      3.0640      2.9706      2.9854      3.0744      3.1936      3.1889      3.1624      3.2653      3.2562      3.2142      3.4043      3.3934      3.3445      3.5962      3.5843      3.5313      
2007-08-06     2.0001      1.9210      2.1120      2.3273      2.2290      2.5388      2.8351      2.7266      3.0019      2.9573      2.9748      3.0627      3.1937      3.1917      3.1659      3.2663      3.2609      3.2197      3.4059      3.3989      3.3509      3.5983      3.5901      3.5380      
2007-08-07     1.9817      1.9299      2.0765      2.1997      2.2189      2.4524      2.7977      2.6900      2.9335      2.9378      2.9610      3.0453      3.1939      3.1928      3.1694      3.2669      3.2636      3.2252      3.4073      3.4022      3.3572      3.5999      3.5936      3.5446      
2007-08-08     1.9725      1.9435      2.0466      2.0861      2.2187      2.3645      2.7551      2.6666      2.8693      2.9160      2.9477      3.0254      3.1939      3.1934      3.1725      3.2674      3.2651      3.2304      3.4096      3.4050      3.3636      3.6013      3.5961      3.5512      
2007-08-09     1.9633      1.9561      2.0164      2.0798      2.2224      2.3100      2.7074      2.6876      2.8217      2.8945      2.9344      3.0065      3.1945      3.1940      3.1756      3.2686      3.2663      3.2355      3.4112      3.4068      3.3697      3.6019      3.5978      3.5575      
2007-08-10     1.9431      1.9586      1.9835      2.1249      2.2356      2.2635      2.6049      2.6849      2.7755      2.8750      2.9228      2.9873      3.1950      3.1943      3.1786      3.2697      3.2675      3.2406      3.4125      3.4084      3.3757      3.6020      3.5991      3.5637      
2007-08-13     1.9207      1.9604      1.9543      2.1601      2.2437      2.2285      2.5283      2.6817      2.7316      2.8609      2.9091      2.9665      3.1957      3.1947      3.1815      3.2709      3.2686      3.2455      3.4138      3.4099      3.3815      3.6022      3.6003      3.5698      
2007-08-14     1.9298      1.9557      1.9345      2.1756      2.1876      2.1949      2.4773      2.6375      2.6944      2.8499      2.8939      2.9488      3.1965      3.1952      3.1843      3.2718      3.2694      3.2504      3.4150      3.4111      3.3872      3.6027      3.6013      3.5758      
2007-08-15     1.9169      1.9447      1.9207      2.1633      2.1247      2.1878      2.4289      2.5920      2.6707      2.8403      2.8781      2.9372      3.1973      3.1956      3.1871      3.2729      3.2702      3.2551      3.4147      3.4122      3.3927      3.6028      3.6021      3.5818      
2007-08-16     1.8893      1.9263      1.9130      2.1270      2.1034      2.1778      2.3639      2.5356      2.6442      2.8295      2.8620      2.9266      3.1981      3.1963      3.1900      3.2738      3.2712      3.2597      3.4151      3.4132      3.3983      3.6034      3.6027      3.5877      
2007-08-17     1.8681      1.9056      1.9074      2.0699      2.0974      2.1706      2.3609      2.4829      2.6164      2.8201      2.8476      2.9165      3.1988      3.1969      3.1929      3.2748      3.2722      3.2642      3.4162      3.4143      3.4039      3.6042      3.6031      3.5937      
2007-08-20     1.8448      1.8827      1.9019      2.0282      2.0942      2.1616      2.3528      2.4406      2.5836      2.8138      2.8374      2.9061      3.1995      3.1976      3.1946      3.2754      3.2731      3.2670      3.4172      3.4155      3.4072      3.6051      3.6037      3.5969      
2007-08-21     1.7906      1.8602      1.8950      1.9954      2.0855      2.1522      2.3371      2.4072      2.5486      2.8024      2.8262      2.8936      3.2002      3.1984      3.1956      3.2758      3.2738      3.2687      3.4178      3.4164      3.4093      3.6057      3.6042      3.5989      
2007-08-22     1.8397      1.8783      1.9109      2.0179      2.0906      2.1546      2.4243      2.4266      2.5466      2.8015      2.8209      2.8843      3.2101      3.2037      3.1986      3.2876      3.2803      3.2727      3.4289      3.4218      3.4134      3.6196      3.6112      3.6037      
2007-08-23     1.9107      1.9000      1.9280      2.0985      2.1127      2.1676      2.4855      2.4247      2.5562      2.7996      2.8146      2.8745      3.2209      3.2095      3.2017      3.3027      3.2882      3.2772      3.4445      3.4298      3.4183      3.6377      3.6205      3.6091      
2007-08-24     1.9252      1.8967      1.9276      2.1937      2.1318      2.1837      2.5207      2.4408      2.5628      2.7919      2.8060      2.8644      3.2326      3.2157      3.2050      3.3189      3.2969      3.2822      3.4626      3.4394      3.4239      3.6581      3.6311      3.6151      
2007-08-27     1.9276      1.8862      1.9233      2.2722      2.1502      2.1970      2.5593      2.4561      2.5689      2.7701      2.7920      2.8505      3.2446      3.2220      3.2084      3.3363      3.3059      3.2872      3.4822      3.4497      3.4298      3.6805      3.6428      3.6215      
2007-08-28     1.9610      1.8758      1.9158      2.3676      2.1815      2.1846      2.6028      2.4699      2.5537      2.7666      2.7845      2.8392      3.2570      3.2286      3.2119      3.3549      3.3154      3.2924      3.5037      3.4607      3.4359      3.7048      3.6552      3.6283      
2007-08-29     1.9168      1.8783      1.9115      2.4166      2.2172      2.1710      2.5432      2.4838      2.5379      2.7684      2.7850      2.8316      3.2613      3.2357      3.2157      3.3636      3.3256      3.2979      3.5162      3.4726      3.4424      3.7174      3.6685      3.6353      
2007-08-30     1.8606      1.8856      1.9060      2.4780      2.2882      2.1958      2.5782      2.5318      2.5337      2.7806      2.7901      2.8260      3.2654      3.2431      3.2197      3.3701      3.3364      3.3038      3.5254      3.4850      3.4491      3.7277      3.6827      3.6427      
2007-08-31     1.8645      1.8949      1.9003      2.4872      2.3405      2.2189      2.6183      2.5695      2.5262      2.8033      2.7976      2.8226      3.2694      3.2510      3.2240      3.3760      3.3475      3.3098      3.5328      3.4977      3.4560      3.7369      3.6975      3.6503      
2007-09-03     1.8785      1.9030      1.8929      2.5130      2.3926      2.2434      2.6683      2.6138      2.5272      2.8453      2.8077      2.8225      3.2739      3.2592      3.2284      3.3815      3.3589      3.3160      3.5395      3.5109      3.4632      3.7446      3.7125      3.6581      
2007-09-04     1.8782      1.9196      1.8899      2.4717      2.4197      2.2526      2.7199      2.6613      2.5343      2.8876      2.8271      2.8266      3.2785      3.2678      3.2331      3.3864      3.3707      3.3223      3.5452      3.5244      3.4704      3.7511      3.7279      3.6661      
2007-09-05     1.8525      1.8847      1.8815      2.4568      2.4367      2.2636      2.8067      2.6749      2.5508      2.9408      2.8546      2.8378      3.2829      3.2721      3.2379      3.3913      3.3775      3.3289      3.5503      3.5333      3.4775      3.7568      3.7371      3.6742      
2007-09-06     1.8401      1.8503      1.8752      2.4068      2.4424      2.2776      2.8977      2.7380      2.5813      3.0282      2.9044      2.8595      3.2881      3.2767      3.2431      3.3961      3.3831      3.3356      3.5547      3.5401      3.4850      3.7615      3.7446      3.6826      
2007-09-07     1.8765      1.8705      1.8836      2.4689      2.4781      2.3049      3.0523      2.8353      2.6380      3.1461      2.9747      2.8903      3.2978      3.2836      3.2497      3.4020      3.3890      3.3429      3.5601      3.5464      3.4929      3.7669      3.7519      3.6915      
2007-09-10     1.9641      1.9213      1.9038      2.6916      2.6023      2.3763      3.2833      2.9758      2.7160      3.3351      3.0902      2.9411      3.3106      3.2923      3.2572      3.4101      3.3958      3.3508      3.5665      3.5530      3.5014      3.7731      3.7588      3.7008      
2007-09-11     2.1506      2.0144      1.9451      3.0149      2.7433      2.4624      3.5486      3.1342      2.8021      3.5698      3.2287      3.0066      3.3245      3.3015      3.2651      3.4197      3.4031      3.3592      3.5738      3.5595      3.5101      3.7794      3.7653      3.7102      
2007-09-12     2.3655      2.1090      1.9936      3.3195      2.8881      2.5527      3.7846      3.2956      2.8897      3.8092      3.3750      3.0800      3.3388      3.3109      3.2733      3.4299      3.4106      3.3681      3.5814      3.5659      3.5192      3.7857      3.7712      3.7199      
2007-09-13     2.6054      2.2227      2.0542      3.6359      3.0214      2.6548      3.9714      3.4346      2.9832      4.0392      3.5337      3.1619      3.3532      3.3207      3.2819      3.4415      3.4188      3.3776      3.5894      3.5721      3.5285      3.7920      3.7767      3.7297      
2007-09-14     3.0006      2.4385      2.1667      4.2248      3.3468      2.8436      4.4417      3.7470      3.1583      4.2734      3.7098      3.2537      3.3660      3.3319      3.2915      3.4538      3.4279      3.3877      3.5975      3.5788      3.5382      3.7984      3.7827      3.7401      
2007-09-17     3.2072      2.5857      2.2444      4.6920      3.6918      3.0422      4.8575      4.0704      3.3421      4.5696      3.9523      3.3800      3.3898      3.3502      3.3047      3.4769      3.4435      3.4012      3.6170      3.5918      3.5513      3.8185      3.7958      3.7542      
2007-09-18     3.2722      2.7114      2.3155      5.1125      4.0637      3.2417      5.2445      4.3966      3.5289      4.9166      4.2432      3.5352      3.4202      3.3723      3.3200      3.5049      3.4623      3.4165      3.6422      3.6080      3.5662      3.8459      3.8126      3.7703      
2007-09-19     3.3476      2.8565      2.3706      5.6295      4.4745      3.4556      5.6731      4.7288      3.7019      5.3319      4.5706      3.7126      3.4529      3.3958      3.3340      3.5368      3.4834      3.4304      3.6712      3.6263      3.5798      3.8775      3.8316      3.7843      
2007-09-20     3.4989      3.0522      2.4512      6.1832      4.9096      3.6760      6.4026      5.1870      3.9625      5.8586      4.9489      3.9266      3.5032      3.4282      3.3525      3.5703      3.5059      3.4445      3.7030      3.6462      3.5931      3.9121      3.8520      3.7983      
2007-09-21     3.5352      3.2679      2.5692      6.4252      5.3250      3.9015      6.6453      5.5435      4.1894      6.3842      5.3288      4.1518      3.5738      3.4699      3.3768      3.6037      3.5288      3.4589      3.7351      3.6663      3.6064      3.9477      3.8730      3.8125      
2007-09-24     3.6387      3.4230      2.6721      6.6272      5.6596      4.1310      6.8362      5.8468      4.4113      6.7386      5.6541      4.3721      3.6427      3.5163      3.4043      3.6270      3.5519      3.4739      3.7571      3.6870      3.6200      3.9720      3.8953      3.8271      
2007-09-25     3.7547      3.5135      2.7640      6.8424      5.9775      4.3604      7.1453      6.1949      4.6646      6.9985      5.9576      4.5931      3.7092      3.5647      3.4331      3.6463      3.5756      3.4893      3.7747      3.7085      3.6340      3.9914      3.9187      3.8420      
2007-09-26     3.8831      3.6154      2.8622      6.5209      6.0752      4.4817      7.0677      6.3704      4.8330      7.1309      6.2314      4.8032      3.7749      3.6139      3.4624      3.6614      3.5991      3.5049      3.7884      3.7298      3.6478      4.0077      3.9426      3.8569      
2007-09-27     3.6605      3.5797      2.9012      5.8241      6.0037      4.5125      6.5606      6.4816      4.9581      7.0452      6.4519      4.9928      3.8230      3.6631      3.4919      3.6735      3.6219      3.5204      3.7993      3.7511      3.6616      4.0220      3.9670      3.8719      
2007-09-28     3.2431      3.3892      2.9138      4.8396      5.6324      4.4896      5.5924      6.1188      4.9329      6.2804      6.3323      5.0210      3.8452      3.7095      3.5207      3.6834      3.6436      3.5357      3.8088      3.7719      3.6754      4.0342      3.9909      3.8868      
2007-09-29     2.8818      3.2603      2.9230      3.8389      5.2330      4.4624      4.6014      5.7188      4.8946      5.4959      6.1172      5.0348      3.8547      3.7487      3.5495      3.6926      3.6598      3.5516      3.8152      3.7862      3.6890      4.0430      4.0075      3.9017      
2007-09-30     2.5357      3.1452      2.9283      2.8305      4.8365      4.4501      3.4918      5.3185      4.8575      4.6907      5.8446      5.0439      3.8575      3.7833      3.5778      3.6997      3.6730      3.5677      3.8194      3.7971      3.7025      4.0490      4.0202      3.9164      
2007-10-08     2.1542      3.0187      2.9376      2.2628      4.3918      4.4332      2.7236      4.8957      4.8123      3.9212      5.5261      5.0483      3.8561      3.8155      3.6057      3.7066      3.6840      3.5837      3.8231      3.8057      3.7160      4.0534      4.0305      3.9311      
2007-10-09     2.0206      2.8405      2.9464      2.0100      3.9171      4.4133      2.0901      4.3254      4.7562      3.2507      5.1479      5.0484      3.8534      3.8382      3.6332      3.7139      3.6937      3.5998      3.8265      3.8129      3.7295      4.0580      4.0400      3.9460      
2007-10-10     1.9771      2.6101      2.9390      2.0171      3.4284      4.3767      2.0713      3.8319      4.6877      3.2244      4.7524      5.0406      3.8536      3.8494      3.6596      3.7253      3.7044      3.6166      3.8320      3.8204      3.7433      4.0671      4.0506      3.9618      
2007-10-11     1.9604      2.4211      2.9221      2.0467      2.9428      4.3012      2.1059      3.3537      4.6002      3.2653      4.3806      5.0173      3.8546      3.8547      3.6855      3.7366      3.7146      3.6333      3.8386      3.8269      3.7570      4.0769      4.0600      3.9776      
2007-10-12     1.9443      2.2400      2.8767      2.0955      2.4630      4.2202      2.1612      2.8265      4.5107      3.3170      4.0039      4.9807      3.8578      3.8576      3.7111      3.7500      3.7249      3.6502      3.8486      3.8340      3.7712      4.0893      4.0692      3.9939      
2007-10-15     1.9244      2.0393      2.8273      2.1503      2.2066      4.1409      2.2204      2.4720      4.4212      3.3948      3.6580      4.9447      3.8623      3.8592      3.7365      3.7659      3.7362      3.6677      3.8611      3.8421      3.7859      4.1034      4.0784      4.0105      
2007-10-16     1.9069      1.9638      2.7717      2.2042      2.1071      4.0554      2.2947      2.1924      4.3370      3.4931      3.3719      4.9119      3.8665      3.8600      3.7615      3.7849      3.7494      3.6856      3.8760      3.8512      3.8012      4.1165      4.0872      4.0271      
2007-10-17     1.9068      1.9419      2.6655      2.2619      2.1395      3.8860      2.8941      2.4827      4.3008      3.5920      3.4082      4.8703      3.8701      3.8618      3.7857      3.8011      3.7632      3.7034      3.8895      3.8607      3.8163      4.1254      4.0962      4.0436      
2007-10-18     1.9025      1.9315      2.5959      2.3172      2.1819      3.7075      3.6905      2.8982      4.3085      3.8167      3.5410      4.8291      3.8724      3.8635      3.8061      3.8183      3.7775      3.7186      3.9040      3.8713      3.8288      4.1343      4.1056      4.0566      
2007-10-19     1.9061      1.9252      2.5352      2.3688      2.2322      3.5343      4.5648      3.3630      4.3408      4.2211      3.7691      4.8068      3.8747      3.8662      3.8248      3.8361      3.7930      3.7330      3.9177      3.8831      3.8401      4.1417      4.1155      4.0679      
2007-10-22     1.9167      1.9206      2.4696      2.5305      2.3404      3.3661      5.7863      4.0033      4.4495      4.9503      4.1726      4.8493      3.8775      3.8699      3.8427      3.8534      3.8097      3.7468      3.9302      3.8956      3.8507      4.1483      4.1258      4.0782      
2007-10-23     1.9770      1.9420      2.3912      3.2070      2.7056      3.3113      7.0767      4.6857      4.5055      5.6935      4.5933      4.8706      3.8835      3.8750      3.8566      3.8690      3.8270      3.7603      3.9426      3.9093      3.8611      4.1557      4.1361      4.0880      
2007-10-24     2.3102      2.1085      2.3593      4.3336      3.2978      3.3631      7.6642      5.2791      4.5555      6.4271      5.0095      4.8810      3.8932      3.8817      3.8655      3.8894      3.8452      3.7748      3.9529      3.9212      3.8708      4.1618      4.1436      4.0971      
2007-10-25     2.9475      2.4250      2.4231      5.6077      3.9624      3.4526      7.9766      5.8335      4.5936      7.0797      5.4482      4.9144      3.9081      3.8903      3.8725      3.9044      3.8614      3.7880      3.9611      3.9326      3.8797      4.1681      4.1512      4.1056      
2007-10-26     4.2672      3.0866      2.6633      7.1262      4.7475      3.6052      9.3562      6.9605      4.8935      7.7599      5.9905      4.9972      3.9330      3.9038      3.8807      3.9163      3.8762      3.8005      3.9687      3.9432      3.8886      4.1738      4.1578      4.1135      
2007-10-29     4.4571      3.1869      2.6131      7.0911      4.8108      3.5087      8.2608      7.0235      4.7478      7.1187      6.0345      4.8462      3.9576      3.9176      3.8884      3.9251      3.8893      3.8128      3.9759      3.9530      3.8976      4.1787      4.1635      4.1209      
2007-10-30     4.5830      3.2800      2.6219      6.5179      4.8625      3.4848      7.0918      7.0842      4.6383      6.4751      6.0843      4.7281      3.9828      3.9332      3.8966      3.9354      3.9022      3.8258      3.9834      3.9630      3.9071      4.1835      4.1696      4.1284      
2007-10-31     4.4489      3.3796      2.6608      5.5013      4.9174      3.5285      6.1484      6.9063      4.6945      5.7217      6.0744      4.7413      4.0085      3.9509      3.9064      3.9439      3.9166      3.8399      3.9937      3.9733      3.9170      4.1898      4.1758      4.1360      
2007-11-01     4.0153      3.4814      2.7064      4.3517      4.9797      3.5808      5.2393      6.6079      4.7531      4.9431      6.0114      4.7762      4.0336      3.9709      3.9172      3.9577      3.9310      3.8543      4.0074      3.9842      3.9278      4.1976      4.1829      4.1442      
2007-11-02     2.7716      3.5194      2.7223      2.9490      5.0376      3.6349      3.1610      6.2586      4.8108      4.0423      5.9011      4.8351      4.0509      3.9919      3.9291      3.9742      3.9452      3.8691      4.0224      3.9956      3.9393      4.2064      4.1901      4.1528      
2007-11-05     2.6509      3.5540      2.7373      2.9719      5.0315      3.6860      3.2587      5.7597      4.8815      4.1534      5.6360      4.9043      4.0731      4.0154      3.9426      3.9940      3.9596      3.8846      4.0373      4.0066      3.9511      4.2151      4.1969      4.1614      
2007-11-06     2.5416      3.5623      2.7521      3.0149      4.7664      3.7360      3.4033      5.2476      4.9666      4.2357      5.3554      4.9744      4.0950      4.0389      3.9570      4.0133      3.9743      3.9006      4.0515      4.0175      3.9634      4.2232      4.2034      4.1697      
2007-11-07     2.3361      3.3925      2.7505      3.0341      4.2677      3.7827      3.4977      4.8231      5.0511      4.6489      5.1853      5.0974      4.1185      4.0635      3.9726      4.0323      3.9881      3.9167      4.0708      4.0323      3.9767      4.2343      4.2121      4.1779      
2007-11-08     2.1420      3.0787      2.7518      2.9653      3.6585      3.8105      3.7106      4.4749      5.1542      5.0247      4.9839      5.2161      4.1430      4.0883      3.9893      4.0514      4.0045      3.9329      4.0918      4.0496      3.9911      4.2458      4.2217      4.1865      
2007-11-09     2.0581      2.4149      2.7507      2.9121      2.9305      3.8390      4.0005      3.5807      5.2706      5.2574      4.6498      5.3202      4.1682      4.1095      4.0067      4.0759      4.0250      3.9506      4.1138      4.0681      4.0057      4.2609      4.2336      4.1957      
2007-11-12     1.9759      2.3134      2.7501      2.7819      2.8769      3.8439      4.3176      3.7881      5.4058      5.4243      4.7889      5.4117      4.1899      4.1315      4.0245      4.0978      4.0459      3.9676      4.1385      4.0879      4.0205      4.2776      4.2464      4.2049      
2007-11-13     1.8943      2.2180      2.7490      2.6280      2.8215      3.8420      4.6448      4.0241      5.5542      5.5847      4.9102      5.4973      4.2135      4.1542      4.0437      4.1186      4.0660      3.9841      4.1645      4.1080      4.0355      4.2950      4.2591      4.2143      
2007-11-14     1.8927      2.1144      2.7470      2.4562      2.7451      3.8313      5.0004      4.2491      5.5777      5.5306      5.0898      5.5821      4.2356      4.1770      4.0639      4.1398      4.0860      4.0013      4.1886      4.1297      4.0515      4.3101      4.2722      4.2240      
2007-11-15     1.9217      2.0319      2.7566      2.3551      2.6602      3.8200      5.2510      4.4808      5.5444      5.4757      5.2502      5.6308      4.2547      4.1989      4.0849      4.1614      4.1064      4.0187      4.2113      4.1516      4.0679      4.3250      4.2854      4.2341      
2007-11-16     1.9258      1.9919      2.7557      2.2091      2.5606      3.7991      5.4060      4.7032      5.4809      5.4463      5.3518      5.6265      4.2712      4.2197      4.1058      4.1769      4.1264      4.0358      4.2330      4.1734      4.0845      4.3374      4.2991      4.2446      
2007-11-19     1.9272      1.9516      2.7528      2.3369      2.5594      3.7955      5.0925      4.7051      5.2324      5.4098      5.4170      5.5265      4.2860      4.2379      4.1266      4.1933      4.1456      4.0526      4.2523      4.1954      4.1010      4.3488      4.3132      4.2551      
2007-11-20     1.9290      1.9116      2.7370      2.6818      2.6549      3.7107      4.9040      4.7744      5.0110      5.3293      5.4570      5.4062      4.2981      4.2558      4.1473      4.2120      4.1653      4.0698      4.2710      4.2177      4.1176      4.3610      4.3280      4.2657      
2007-11-21     1.9366      1.9146      2.6536      3.1075      2.7818      3.5248      4.6560      4.8282      4.8256      5.2266      5.3786      5.2820      4.3067      4.2711      4.1673      4.2281      4.1840      4.0860      4.2858      4.2372      4.1347      4.3733      4.3417      4.2769      
2007-11-22     1.8987      1.9102      2.4944      3.1297      2.7424      3.2005      4.1521      4.7016      4.5882      5.0811      5.2784      5.1311      4.3125      4.2836      4.1860      4.2410      4.2012      4.1029      4.2981      4.2547      4.1521      4.3845      4.3548      4.2882      
2007-11-23     1.8971      1.9114      2.1631      3.2679      2.7385      2.8345      3.6438      4.5249      4.0528      4.9286      5.1874      4.9186      4.3207      4.2960      4.2028      4.2532      4.2150      4.1200      4.3087      4.2709      4.1695      4.3952      4.3663      4.3000      
2007-11-26     1.8950      1.9111      2.1122      3.2141      2.7755      2.8262      3.5089      4.3007      4.0444      4.7340      5.0719      4.9304      4.3298      4.3079      4.2197      4.2650      4.2292      4.1375      4.3182      4.2853      4.1866      4.4055      4.3772      4.3118      
2007-11-27     1.8949      1.9119      2.0650      2.9586      2.8202      2.8208      3.2409      4.0725      4.0483      4.5333      4.9313      4.9208      4.3354      4.3167      4.2355      4.2727      4.2424      4.1542      4.3253      4.2982      4.2031      4.4136      4.3873      4.3232      
2007-11-28     1.8949      1.9157      2.0150      2.5260      2.8167      2.7809      3.1180      3.8870      4.0680      4.3404      4.7835      4.9367      4.3419      4.3243      4.2507      4.2806      4.2544      4.1702      4.3338      4.3098      4.2197      4.4208      4.3970      4.3346      
2007-11-29     1.8907      1.8947      1.9633      2.6595      2.8946      2.7774      3.4084      3.7802      4.1305      4.2843      4.6827      4.9664      4.3488      4.3307      4.2648      4.2895      4.2652      4.1858      4.3435      4.3208      4.2362      4.4278      4.4062      4.3458      
2007-11-30     1.8829      1.8900      1.9410      2.7177      2.9928      2.7767      3.7746      3.7092      4.2062      4.2762      4.6024      4.9771      4.3514      4.3361      4.2779      4.2969      4.2751      4.2007      4.3526      4.3307      4.2520      4.4344      4.4148      4.3570      
2007-12-03     1.8756      1.8853      1.9184      2.9900      3.1021      2.8307      4.2957      3.9023      4.3037      4.3489      4.5415      4.9792      4.3527      4.3412      4.2896      4.3056      4.2853      4.2154      4.3624      4.3403      4.2678      4.4405      4.4230      4.3681      
2007-12-04     1.8675      1.8812      1.8964      3.3036      3.1311      2.8930      4.7266      3.9838      4.3791      4.5025      4.5179      4.9874      4.3542      4.3448      4.3003      4.3146      4.2937      4.2295      4.3721      4.3487      4.2832      4.4487      4.4312      4.3796      
2007-12-05     1.8630      1.8789      1.8968      3.7169      3.1215      2.9516      5.0029      4.0605      4.4443      4.6291      4.4848      4.9317      4.3536      4.3478      4.3094      4.3229      4.3018      4.2429      4.3798      4.3568      4.2970      4.4548      4.4378      4.3897      
2007-12-06     1.8620      1.8763      1.8933      3.9392      3.2993      3.0209      5.1321      4.2703      4.4859      4.6626      4.4735      4.8759      4.3526      4.3507      4.3172      4.3307      4.3101      4.2556      4.3856      4.3645      4.3096      4.4594      4.4436      4.3992      
2007-12-07     1.8688      1.8758      1.8936      3.8516      3.2847      3.0116      4.9574      4.3660      4.4455      4.5839      4.4300      4.8087      4.3514      4.3514      4.3237      4.3393      4.3181      4.2666      4.3914      4.3720      4.3215      4.4633      4.4488      4.4076      
2007-12-10     1.8818      1.8787      1.8949      3.5237      3.2569      3.0162      4.7440      4.5199      4.4103      4.4964      4.4226      4.7473      4.3502      4.3514      4.3297      4.3460      4.3258      4.2775      4.3971      4.3797      4.3325      4.4675      4.4540      4.4156      
2007-12-11     1.8941      1.8808      1.8964      3.4864      3.3950      3.1076      4.6542      4.6904      4.3814      4.4096      4.4561      4.6937      4.3492      4.3517      4.3342      4.3523      4.3335      4.2879      4.4027      4.3874      4.3428      4.4698      4.4593      4.4233      
2007-12-12     1.9015      1.8822      1.8990      3.5215      3.6192      3.2180      4.6209      4.8119      4.3495      4.4350      4.5320      4.6578      4.3484      4.3510      4.3377      4.3573      4.3401      4.2972      4.4078      4.3938      4.3518      4.4732      4.4640      4.4305      
2007-12-13     1.9073      1.8847      1.8897      3.6760      3.8076      3.3511      4.5953      4.8637      4.3220      4.4526      4.5576      4.6202      4.3475      4.3501      4.3404      4.3621      4.3464      4.3058      4.4130      4.3993      4.3600      4.4771      4.4683      4.4372      
2007-12-14     1.9086      1.8887      1.8893      3.8445      3.8480      3.4204      4.8007      4.8791      4.2941      4.5452      4.5645      4.5835      4.3472      4.3493      4.3427      4.3665      4.3529      4.3140      4.4178      4.4046      4.3676      4.4809      4.4721      4.4434      
2007-12-17     1.9069      1.8943      1.8898      3.9869      3.7553      3.4287      4.8910      4.8175      4.3599      4.5811      4.5388      4.5401      4.3473      4.3487      4.3450      4.3705      4.3583      4.3218      4.4222      4.4097      4.3750      4.4848      4.4761      4.4496      
2007-12-18     1.9004      1.8973      1.8892      3.7499      3.6181      3.3746      4.6906      4.6724      4.3281      4.5480      4.4788      4.4983      4.3490      4.3491      4.3469      4.3744      4.3633      4.3285      4.4265      4.4146      4.3816      4.4886      4.4792      4.4552      
2007-12-19     1.8978      1.8996      1.8893      3.3640      3.4428      3.2821      4.2883      4.4546      4.2575      4.3976      4.4163      4.4505      4.3497      4.3491      4.3484      4.3785      4.3679      4.3348      4.4308      4.4193      4.3880      4.4929      4.4831      4.4604      
2007-12-20     1.8950      1.9012      1.8887      2.8790      3.2775      3.2884      3.8321      4.2137      4.2420      4.1940      4.3233      4.3984      4.3515      4.3495      4.3501      4.3822      4.3722      4.3411      4.4342      4.4236      4.3941      4.4976      4.4874      4.4655      
2007-12-21     1.8928      1.9007      1.8883      2.6237      3.2341      3.2594      3.4377      4.1192      4.2426      3.9734      4.2593      4.3447      4.3601      4.3536      4.3525      4.3910      4.3788      4.3484      4.4411      4.4294      4.4007      4.5064      4.4936      4.4712      
2007-12-24     1.8882      1.8975      1.8881      2.3989      3.1929      3.2249      2.9999      3.9455      4.2327      3.7509      4.1660      4.2943      4.3705      4.3589      4.3552      4.4009      4.3857      4.3558      4.4503      4.4363      4.4080      4.5179      4.5013      4.4777      
2007-12-25     1.8938      1.8971      1.8890      2.2200      2.9849      3.1900      2.7000      3.6953      4.1929      3.5246      4.0363      4.2462      4.3813      4.3651      4.3584      4.4115      4.3929      4.3632      4.4605      4.4435      4.4154      4.5302      4.5094      4.4843      
2007-12-26     1.8981      1.8979      1.8901      2.2107      2.7873      3.2033      2.5893      3.4388      4.1254      3.3444      3.8710      4.2015      4.3936      4.3716      4.3613      4.4227      4.4006      4.3704      4.4713      4.4510      4.4224      4.5424      4.5177      4.4908      
2007-12-27     1.8882      1.8916      1.8881      2.1968      2.5379      3.1727      2.5362      3.1841      4.0239      3.2298      3.7119      4.1348      4.4060      4.3787      4.3644      4.4348      4.4085      4.3774      4.4832      4.4587      4.4290      4.5546      4.5261      4.4972      
2007-12-28     1.8733      1.8830      1.8859      2.2584      2.4410      3.1445      2.4524      2.9451      3.9121      3.1595      3.5665      4.0655      4.4133      4.3867      4.3680      4.4420      4.4165      4.3847      4.4921      4.4666      4.4356      4.5632      4.5348      4.5034      
2007-12-29     1.9551      1.9217      1.9080      2.3621      2.3805      3.0679      2.5257      2.7628      3.7902      3.2354      3.4931      4.0159      4.4204      4.3954      4.3721      4.4486      4.4248      4.3915      4.4992      4.4748      4.4422      4.5697      4.5438      4.5099      
