日期           O/N                                 1W                                  2W                                  1M                                  3M                                  6M                                  9M                                  1Y                                  
===========================================================================================================================================
               5日均值     10日均值    20日均值    5日均值     10日均值    20日均值    5日均值     10日均值    20日均值    5日均值     10日均值    20日均值    5日均值     10日均值    20日均值    5日均值     10日均值    20日均值    5日均值     10日均值    20日均值    5日均值     10日均值    20日均值    
2011-01-04     4.3813      3.8833      2.9529      5.7602      5.2930      4.1313      5.9934      5.5436      4.5213      5.8509      5.5528      4.7592      4.6058      4.4161      4.0498      3.5369      3.4340      3.2880      3.5725      3.4633      3.3163      3.6116      3.4959      3.3440      
2011-01-05     3.9982      3.9161      2.9876      5.2517      5.2070      4.1819      5.4890      5.5216      4.5600      5.4479      5.5205      4.7878      4.5898      4.4734      4.1062      3.5520      3.4678      3.3120      3.5865      3.4968      3.3406      3.6255      3.5309      3.3687      
2011-01-06     3.4825      3.8788      2.9917      4.6717      5.1068      4.2146      5.1032      5.4736      4.5991      5.0296      5.4528      4.8057      4.5580      4.5085      4.1584      3.5651      3.4987      3.3357      3.5990      3.5288      3.3648      3.6369      3.5638      3.3935      
2011-01-07     2.8866      3.7653      2.9972      3.9746      4.8206      4.2301      4.5920      5.3463      4.6263      4.5766      5.3308      4.8159      4.5174      4.5325      4.2029      3.5763      3.5265      3.3600      3.6101      3.5581      3.3895      3.6459      3.5938      3.4183      
2011-01-10     2.3842      3.5405      2.9972      3.1718      4.5648      4.2241      4.0578      5.1697      4.6547      4.1229      5.1466      4.8186      4.4609      4.5339      4.2383      3.5863      3.5515      3.3844      3.6211      3.5853      3.4144      3.6552      3.6220      3.4435      
2011-01-11     2.1941      3.2877      2.9959      2.7971      4.2787      4.2183      3.9047      4.9490      4.6719      4.0044      4.9276      4.8219      4.4021      4.5039      4.2682      3.5998      3.5683      3.4091      3.6336      3.6031      3.4394      3.6654      3.6385      3.4689      
2011-01-12     2.0506      3.0244      2.9941      2.6503      3.9510      4.1778      3.7613      4.6252      4.6712      3.9422      4.6951      4.8168      4.3367      4.4632      4.2920      3.6112      3.5816      3.4338      3.6454      3.6160      3.4643      3.6748      3.6501      3.4940      
2011-01-13     1.9976      2.7401      2.9891      2.4805      3.5761      4.1124      3.6167      4.3599      4.6590      3.8844      4.4570      4.8034      4.2781      4.4181      4.3098      3.6241      3.5946      3.4582      3.6572      3.6281      3.4887      3.6842      3.6606      3.5187      
2011-01-14     1.9580      2.4223      2.9851      2.4297      3.2022      4.0729      3.4660      4.0290      4.6338      3.8572      4.2169      4.7845      4.2224      4.3699      4.3240      3.6349      3.6056      3.4826      3.6663      3.6382      3.5129      3.6933      3.6696      3.5433      
2011-01-17     1.9411      2.1627      2.9816      2.4695      2.8206      4.0164      3.2950      3.6764      4.5889      3.9072      4.0151      4.7769      4.1819      4.3214      4.3367      3.6450      3.6157      3.5070      3.6743      3.6477      3.5372      3.7009      3.6781      3.5679      
2011-01-18     1.9446      2.0693      2.9763      2.5355      2.6663      3.9797      3.2025      3.5536      4.5486      4.0257      4.0150      4.7839      4.1625      4.2823      4.3492      3.6529      3.6263      3.5302      3.6809      3.6572      3.5603      3.7070      3.6862      3.5910      
2011-01-19     2.0776      2.0641      2.9901      2.8502      2.7503      3.9786      3.3500      3.5557      4.5386      4.3070      4.1246      4.8225      4.1949      4.2658      4.3696      3.6640      3.6376      3.5527      3.6889      3.6672      3.5820      3.7153      3.6950      3.6130      
2011-01-20     2.8361      2.4169      3.1478      3.6040      3.0423      4.0745      3.8770      3.7468      4.6102      4.8880      4.3862      4.9195      4.2973      4.2877      4.3981      3.6782      3.6511      3.5749      3.6990      3.6781      3.6035      3.7262      3.7052      3.6345      
2011-01-21     3.5966      2.7773      3.2713      4.5590      3.4944      4.1575      4.6033      4.0347      4.6905      5.6194      4.7383      5.0346      4.4557      4.3391      4.4358      3.6958      3.6653      3.5959      3.7143      3.6903      3.6242      3.7418      3.7176      3.6557      
2011-01-24     4.2196      3.0804      3.3104      5.1296      3.7995      4.1821      5.3652      4.3301      4.7499      6.3777      5.1424      5.1445      4.6380      4.4100      4.4719      3.7174      3.6812      3.6164      3.7339      3.7041      3.6447      3.7619      3.7314      3.6767      
2011-01-25     5.2610      3.6028      3.4452      6.1168      4.3261      4.3024      6.3270      4.7648      4.8569      7.1095      5.5676      5.2476      4.8546      4.5086      4.5062      3.7491      3.7010      3.6347      3.7611      3.7210      3.6620      3.7893      3.7481      3.6933      
2011-01-26     6.2877      4.1826      3.6035      6.8795      4.8648      4.4079      7.1445      5.2473      4.9362      7.6820      5.9945      5.3448      5.0715      4.6332      4.5482      3.7837      3.7239      3.6527      3.7975      3.7432      3.6796      3.8262      3.7707      3.7104      
2011-01-27     6.7459      4.7910      3.7655      7.3453      5.4747      4.5254      7.6225      5.7498      5.0548      7.9628      6.4254      5.4412      5.2467      4.7720      4.5950      3.8200      3.7491      3.6718      3.8378      3.7684      3.6982      3.8674      3.7968      3.7287      
2011-01-28     7.1409      5.3688      3.8955      7.5188      6.0389      4.6205      7.8950      6.2492      5.1391      8.0933      6.8564      5.5366      5.3844      4.9201      4.6450      3.8591      3.7774      3.6915      3.8812      3.7978      3.7180      3.9123      3.8271      3.7483      
2011-01-30     7.7294      5.9745      4.0686      8.1363      6.6330      4.7268      8.2403      6.8028      5.2396      8.1274      7.2525      5.6338      5.5156      5.0768      4.6991      3.8993      3.8084      3.7120      3.9254      3.8297      3.7387      3.9603      3.8611      3.7696      
2011-01-31     7.2914      6.2762      4.1728      8.2395      7.1781      4.9222      8.3531      7.3401      5.4468      8.1277      7.6186      5.8168      5.6148      5.2347      4.7585      3.9329      3.8410      3.7337      3.9672      3.8641      3.7607      4.0051      3.8972      3.7917      
2011-02-01     6.4084      6.3481      4.2061      7.3388      7.1092      4.9297      7.6773      7.4109      5.4833      7.8276      7.7548      5.9397      5.6553      5.3634      4.8146      3.9589      3.8713      3.7545      3.9985      3.8980      3.7826      4.0393      3.9327      3.8139      
2011-02-09     5.5780      6.1620      4.2894      6.4757      6.9105      4.9764      6.9628      7.2926      5.5197      7.3161      7.6395      6.0128      5.6893      5.4680      4.8778      4.0029      3.9114      3.7813      4.0470      3.9424      3.8102      4.0915      3.9795      3.8423      
2011-02-10     4.6133      5.8771      4.3272      5.6324      6.5756      5.0350      6.2596      7.0773      5.5560      6.7531      7.4232      6.0808      5.6924      5.5384      4.9387      4.0489      3.9540      3.8096      4.0954      3.9883      3.8393      4.1460      4.0292      3.8734      
2011-02-11     3.5937      5.6616      4.3710      4.7243      6.4303      5.1149      5.4683      6.8543      5.5922      6.1533      7.1403      6.1414      5.6395      5.5776      4.9938      4.0938      3.9966      3.8389      4.1421      4.0338      3.8689      4.1961      4.0782      3.9048      
2011-02-12     3.1098      5.2006      4.4017      3.6087      5.9241      5.1251      4.6018      6.4775      5.6211      5.4853      6.8065      6.1871      5.5273      5.5711      5.0398      4.1364      4.0347      3.8678      4.1861      4.0767      3.8988      4.2447      4.1249      3.9365      
2011-02-14     2.9027      4.6556      4.4191      3.4762      5.4075      5.1362      4.2543      5.9658      5.6065      5.0468      6.4372      6.2158      5.3996      5.5274      5.0803      4.1800      4.0694      3.8967      4.2311      4.1148      3.9290      4.2961      4.1677      3.9692      
2011-02-15     2.5952      4.0866      4.4388      3.1830      4.8294      5.1520      3.8745      5.4186      5.5842      4.8163      6.0662      6.2458      5.2186      5.4540      5.1130      4.2005      4.1017      3.9254      4.2553      4.1511      3.9597      4.3256      4.2086      4.0027      
2011-02-16     2.4802      3.5467      4.4578      2.9063      4.2694      5.1541      3.6410      4.9503      5.5997      4.6496      5.7014      6.2789      5.0443      5.3684      5.1442      4.2140      4.1315      3.9544      4.2714      4.1834      3.9906      4.3477      4.2469      4.0370      
2011-02-17     2.3405      2.9671      4.4708      2.6971      3.7107      5.1718      3.5218      4.4951      5.6489      4.4957      5.3245      6.2885      4.9003      5.2699      5.1734      4.2264      4.1601      3.9842      4.2887      4.2154      4.0225      4.3715      4.2838      4.0725      
2011-02-18     2.2430      2.6764      4.4763      2.7279      3.1683      5.1732      3.5010      4.0514      5.6957      4.4137      4.9495      6.2841      4.8062      5.1668      5.2007      4.2438      4.1901      4.0156      4.3077      4.2469      4.0555      4.3974      4.3211      4.1091      
2011-02-21     2.2167      2.5597      4.4539      3.4054      3.4408      5.2750      4.2757      4.2650      5.8379      4.5702      4.8085      6.2816      4.7807      5.0901      5.2268      4.2698      4.2249      4.0481      4.3307      4.2809      4.0894      4.4260      4.3611      4.1469      
2011-02-22     2.1580      2.3766      4.2693      4.1311      3.6571      5.2838      5.0252      4.4498      5.8712      4.7520      4.7841      6.2118      4.8024      5.0105      5.2392      4.2991      4.2498      4.0806      4.3565      4.3059      4.1241      4.4569      4.3913      4.1854      
2011-02-23     2.0968      2.2885      4.0828      4.8541      3.8802      5.2279      5.4543      4.5477      5.8125      4.8765      4.7631      6.0931      4.8365      4.9404      5.2394      4.3324      4.2732      4.1136      4.3856      4.3285      4.1584      4.4883      4.4180      4.2236      
2011-02-24     2.1173      2.2289      3.9452      4.9584      3.8278      5.1290      5.6787      4.6003      5.7273      4.9787      4.7372      5.9388      4.8762      4.8883      5.2329      4.3648      4.2956      4.1461      4.4142      4.3515      4.1926      4.5190      4.4453      4.2618      
2011-02-25     2.2364      2.2397      3.7202      5.0293      3.8786      4.9013      5.9062      4.7036      5.5905      5.0707      4.7422      5.7743      4.9183      4.8622      5.2167      4.3936      4.3187      4.1767      4.4415      4.3746      4.2256      4.5475      4.4724      4.2987      
2011-02-28     2.2764      2.2465      3.4510      4.4098      3.9076      4.6575      5.4107      4.8432      5.4045      4.9777      4.7740      5.6056      4.9249      4.8528      5.1901      4.4151      4.3424      4.2059      4.4644      4.3976      4.2562      4.5712      4.4986      4.3332      
2011-03-01     2.3106      2.2343      3.1604      3.7583      3.9447      4.3870      4.9300      4.9776      5.1981      4.8008      4.7764      5.4213      4.9038      4.8531      5.1535      4.4347      4.3669      4.2343      4.4829      4.4197      4.2854      4.5907      4.5238      4.3662      
2011-03-02     2.3152      2.2060      2.8764      3.1164      3.9853      4.1273      4.5208      4.9876      4.9689      4.6227      4.7496      5.2255      4.8517      4.8441      5.1063      4.4481      4.3903      4.2609      4.4987      4.4422      4.3128      4.6064      4.5474      4.3971      
2011-03-03     2.2458      2.1816      2.5743      2.9150      3.9367      3.8237      4.0932      4.8859      4.6905      4.4607      4.7197      5.0221      4.7730      4.8246      5.0473      4.4584      4.4116      4.2858      4.5092      4.4617      4.3386      4.6153      4.5672      4.4255      
2011-03-04     2.0839      2.1601      2.4183      2.7270      3.8781      3.5232      3.5633      4.7347      4.3931      4.2939      4.6823      4.8159      4.6809      4.7996      4.9832      4.4655      4.4296      4.3098      4.5185      4.4800      4.3635      4.6222      4.5849      4.4530      
2011-03-07     1.9654      2.1209      2.3403      2.5603      3.4850      3.4629      3.1690      4.2898      4.2774      4.0974      4.5376      4.6730      4.5790      4.7520      4.9210      4.4678      4.4415      4.3332      4.5252      4.4948      4.3878      4.6275      4.5993      4.4802      
2011-03-08     1.8662      2.0884      2.2325      2.4018      3.0800      3.3685      2.8280      3.8790      4.1644      3.9562      4.3785      4.5813      4.4775      4.6907      4.8506      4.4623      4.4485      4.3492      4.5300      4.5064      4.4062      4.6304      4.6106      4.5009      
2011-03-09     1.8000      2.0576      2.1731      2.2332      2.6748      3.2775      2.6285      3.5747      4.0612      3.8371      4.2299      4.4965      4.3872      4.6195      4.7799      4.4526      4.4504      4.3618      4.5321      4.5154      4.4220      4.6318      4.6191      4.5186      
2011-03-10     1.7475      1.9966      2.1128      2.1969      2.5559      3.1919      2.5446      3.3189      3.9596      3.7694      4.1151      4.4261      4.3209      4.5469      4.7176      4.4442      4.4513      4.3734      4.5352      4.5222      4.4368      4.6344      4.6248      4.5351      
2011-03-11     1.7060      1.8949      2.0673      2.1652      2.4461      3.1623      2.5325      3.0479      3.8757      3.7066      4.0003      4.3712      4.2649      4.4729      4.6675      4.4358      4.4507      4.3847      4.5367      4.5276      4.4511      4.6360      4.6291      4.5508      
2011-03-14     1.6863      1.8259      2.0362      2.1419      2.3511      3.1293      2.5253      2.8471      3.8452      3.7016      3.8995      4.3367      4.2226      4.4008      4.6268      4.4322      4.4500      4.3962      4.5400      4.5326      4.4651      4.6367      4.6321      4.5653      
2011-03-15     1.6841      1.7751      2.0047      2.0996      2.2507      3.0977      2.5261      2.6771      3.8273      3.7342      3.8452      4.3108      4.2012      4.3393      4.5962      4.4346      4.4485      4.4077      4.5453      4.5376      4.4787      4.6388      4.6346      4.5792      
2011-03-16     1.6822      1.7411      1.9736      2.0680      2.1506      3.0679      2.5418      2.5851      3.7864      3.8034      3.8202      4.2849      4.2006      4.2939      4.5690      4.4410      4.4468      4.4185      4.5529      4.5425      4.4923      4.6422      4.6370      4.5922      
2011-03-17     1.6811      1.7143      1.9479      2.0162      2.1065      3.0216      2.4857      2.5152      3.7005      3.8490      3.8092      4.2644      4.2097      4.2653      4.5449      4.4453      4.4447      4.4282      4.5601      4.5476      4.5047      4.6460      4.6402      4.6037      
2011-03-18     1.6777      1.6919      1.9260      2.0053      2.0853      2.9817      2.5158      2.5241      3.6294      3.8866      3.7966      4.2395      4.2220      4.2435      4.5215      4.4468      4.4413      4.4354      4.5664      4.5516      4.5158      4.6497      4.6429      4.6139      
2011-03-21     1.7251      1.7057      1.9133      2.1880      2.1650      2.8250      2.6675      2.5964      3.4431      3.9199      3.8107      4.1742      4.2376      4.2301      4.4910      4.4495      4.4408      4.4411      4.5738      4.5569      4.5259      4.6551      4.6459      4.6226      
2011-03-22     1.7722      1.7281      1.9083      2.3553      2.2275      2.6537      2.8080      2.6671      3.2730      3.9198      3.8270      4.1027      4.2487      4.2250      4.4578      4.4520      4.4433      4.4459      4.5796      4.5624      4.5344      4.6592      4.6490      4.6298      
2011-03-23     1.8163      1.7493      1.9035      2.4993      2.2837      2.4792      2.9394      2.7406      3.1576      3.9030      3.8532      4.0415      4.2577      4.2291      4.4243      4.4524      4.4467      4.4485      4.5839      4.5684      4.5419      4.6621      4.6522      4.6356      
2011-03-24     1.8575      1.7693      1.8830      2.6397      2.3279      2.4419      3.1361      2.8109      3.0649      3.8882      3.8686      3.9918      4.2600      4.2349      4.3909      4.4507      4.4480      4.4496      4.5859      4.5730      4.5476      4.6634      4.6547      4.6398      
2011-03-25     1.8971      1.7874      1.8412      2.6872      2.3463      2.3962      3.2749      2.8953      2.9716      3.8821      3.8844      3.9423      4.2585      4.2403      4.3566      4.4505      4.4487      4.4497      4.5873      4.5769      4.5522      4.6637      4.6567      4.6429      
2011-03-28     1.8700      1.7975      1.8117      2.5563      2.3722      2.3616      3.2750      2.9713      2.9092      3.8700      3.8949      3.8972      4.2463      4.2420      4.3214      4.4458      4.4477      4.4488      4.5867      4.5803      4.5564      4.6628      4.6590      4.6455      
2011-03-29     1.8445      1.8083      1.7917      2.4075      2.3814      2.3161      3.2548      3.0314      2.8542      3.8183      3.8690      3.8571      4.2259      4.2373      4.2883      4.4374      4.4447      4.4466      4.5851      4.5823      4.5600      4.6616      4.6604      4.6475      
2011-03-30     1.8218      1.8191      1.7801      2.3863      2.4428      2.2967      3.2012      3.0703      2.8277      3.7621      3.8325      3.8264      4.2060      4.2318      4.2628      4.4312      4.4418      4.4443      4.5832      4.5836      4.5630      4.6602      4.6612      4.6491      
2011-03-31     1.8058      1.8317      1.7730      2.4099      2.5248      2.3157      3.1953      3.1657      2.8404      3.7080      3.7981      3.8037      4.1894      4.2247      4.2450      4.4281      4.4394      4.4421      4.5832      4.5846      4.5661      4.6602      4.6618      4.6510      
2011-04-01     1.7908      1.8440      1.7679      2.5195      2.6033      2.3443      3.1620      3.2184      2.8713      3.6508      3.7664      3.7815      4.1774      4.2180      4.2307      4.4261      4.4383      4.4398      4.5840      4.5857      4.5686      4.6610      4.6624      4.6526      
2011-04-02     1.7891      1.8296      1.7676      2.5140      2.5352      2.3501      3.0872      3.1811      2.8887      3.5880      3.7290      3.7699      4.1713      4.2088      4.2195      4.4290      4.4374      4.4391      4.5845      4.5856      4.5713      4.6614      4.6621      4.6540      
2011-04-06     1.7881      1.8163      1.7722      2.5748      2.4912      2.3593      3.0366      3.1457      2.9064      3.5620      3.6902      3.7586      4.1838      4.2049      4.2149      4.4500      4.4437      4.4435      4.5996      4.5923      4.5774      4.6763      4.6690      4.6590      
2011-04-07     1.7852      1.8035      1.7764      2.4659      2.4261      2.3549      3.0167      3.1090      2.9248      3.5444      3.6533      3.7532      4.2005      4.2033      4.2162      4.4750      4.4531      4.4499      4.6173      4.6003      4.5843      4.6965      4.6784      4.6653      
2011-04-08     1.7787      1.7922      1.7808      2.3961      2.4030      2.3655      2.9545      3.0749      2.9429      3.5308      3.6194      3.7440      4.2174      4.2034      4.2191      4.5016      4.4648      4.4564      4.6382      4.6107      4.5919      4.7204      4.6903      4.6725      
2011-04-11     1.7716      1.7812      1.7843      2.2384      2.3790      2.3626      2.8347      2.9983      2.9468      3.5203      3.5856      3.7350      4.2320      4.2047      4.2225      4.5283      4.4772      4.4629      4.6596      4.6218      4.5993      4.7445      4.7027      4.6797      
2011-04-12     1.7646      1.7769      1.7872      2.1731      2.3436      2.3579      2.7629      2.9250      2.9481      3.5161      3.5521      3.7235      4.2463      4.2088      4.2254      4.5515      4.4902      4.4689      4.6819      4.6332      4.6067      4.7694      4.7154      4.6872      
2011-04-13     1.7553      1.7717      1.7900      2.0886      2.3317      2.3566      2.6808      2.8587      2.9451      3.5112      3.5366      3.7028      4.2497      4.2168      4.2271      4.5612      4.5056      4.4752      4.6908      4.6452      4.6138      4.7805      4.7284      4.6944      
2011-04-14     1.7477      1.7665      1.7928      2.1517      2.3088      2.3758      2.5991      2.8079      2.9391      3.5042      3.5243      3.6784      4.2477      4.2241      4.2280      4.5665      4.5208      4.4813      4.6974      4.6574      4.6205      4.7864      4.7415      4.7013      
2011-04-15     1.7401      1.7594      1.7955      2.1282      2.2621      2.3935      2.5217      2.7381      2.9519      3.4894      3.5101      3.6541      4.2445      4.2309      4.2278      4.5704      4.5360      4.4877      4.7004      4.6693      4.6269      4.7887      4.7545      4.7082      
2011-04-18     1.7412      1.7564      1.8002      2.2684      2.2534      2.4284      2.5494      2.6921      2.9552      3.4794      3.4999      3.6331      4.2475      4.2398      4.2289      4.5749      4.5516      4.4949      4.7038      4.6817      4.6337      4.7924      4.7684      4.7154      
2011-04-19     1.7449      1.7548      1.7922      2.4700      2.3216      2.4284      2.6663      2.7146      2.9478      3.4693      3.4927      3.6108      4.2555      4.2509      4.2299      4.5796      4.5655      4.5015      4.7077      4.6948      4.6402      4.7968      4.7831      4.7226      
2011-04-20     1.7491      1.7522      1.7842      2.6767      2.3827      2.4369      2.7961      2.7384      2.9421      3.4706      3.4909      3.5905      4.2674      4.2586      4.2317      4.5828      4.5720      4.5078      4.7108      4.7008      4.6466      4.8011      4.7908      4.7299      
2011-04-21     2.1090      1.9284      1.8659      2.9866      2.5692      2.4976      3.0932      2.8462      2.9776      3.5766      3.5404      3.5968      4.2886      4.2681      4.2357      4.5877      4.5771      4.5151      4.7143      4.7058      4.6530      4.8064      4.7964      4.7374      
2011-04-22     2.3789      2.0595      1.9259      3.2262      2.6772      2.5401      3.3596      2.9406      3.0078      3.7315      3.6105      3.6149      4.3166      4.2805      4.2420      4.5944      4.5824      4.5236      4.7199      4.7102      4.6604      4.8143      4.8015      4.7459      
2011-04-25     2.5654      2.1533      1.9673      3.4981      2.8832      2.6311      3.5967      3.0731      3.0357      3.9275      3.7034      3.6445      4.3591      4.3033      4.2540      4.6049      4.5899      4.5335      4.7250      4.7144      4.6681      4.8230      4.8077      4.7552      
2011-04-26     2.7485      2.2467      2.0118      3.7916      3.1308      2.7372      3.8597      3.2630      3.0940      4.1579      3.8136      3.6828      4.4059      4.3307      4.2697      4.6197      4.5996      4.5449      4.7309      4.7193      4.6762      4.8325      4.8146      4.7650      
2011-04-27     2.8018      2.2755      2.0236      3.9424      3.3096      2.8206      4.0442      3.4201      3.1394      4.3606      3.9156      3.7261      4.4510      4.3592      4.2880      4.6347      4.6088      4.5572      4.7382      4.7245      4.6848      4.8424      4.8218      4.7751      
2011-04-28     2.5000      2.3045      2.0355      3.7648      3.3757      2.8422      3.9490      3.5211      3.1645      4.4283      4.0025      3.7634      4.4888      4.3887      4.3064      4.6482      4.6179      4.5694      4.7463      4.7303      4.6938      4.8522      4.8293      4.7854      
2011-04-29     2.3843      2.3816      2.0705      3.6428      3.4345      2.8483      3.8733      3.6165      3.1773      4.4125      4.0720      3.7910      4.5211      4.4189      4.3249      4.6614      4.6279      4.5819      4.7539      4.7369      4.7031      4.8600      4.8372      4.7958      
2011-05-03     2.3557      2.4606      2.1085      3.4218      3.4600      2.8567      3.7292      3.6629      3.1775      4.3181      4.1228      3.8113      4.5330      4.4460      4.3429      4.6693      4.6371      4.5943      4.7601      4.7426      4.7121      4.8639      4.8434      4.8059      
2011-05-04     2.3232      2.5359      2.1453      3.1360      3.4638      2.8927      3.4835      3.6716      3.1931      4.1716      4.1648      3.8287      4.5319      4.4689      4.3599      4.6720      4.6459      4.6057      4.7641      4.7475      4.7211      4.8653      4.8489      4.8160      
2011-05-05     2.3174      2.5596      2.1559      2.9783      3.4604      2.9215      3.2583      3.6513      3.1948      4.0035      4.1820      3.8365      4.5298      4.4904      4.3745      4.6710      4.6529      4.6124      4.7655      4.7519      4.7263      4.8645      4.8535      4.8221      
2011-05-06     2.3113      2.4056      2.1670      2.9268      3.3458      2.9575      3.1423      3.5457      3.1959      3.8527      4.1405      3.8405      4.5247      4.5067      4.3874      4.6704      4.6593      4.6182      4.7657      4.7560      4.7309      4.8624      4.8573      4.8269      
2011-05-09     2.2354      2.3099      2.1847      2.8880      3.2654      2.9713      3.0338      3.4536      3.1971      3.7472      4.0799      3.8452      4.5190      4.5200      4.4003      4.6671      4.6642      4.6233      4.7647      4.7593      4.7347      4.8601      4.8601      4.8308      
2011-05-10     2.1469      2.2513      2.2023      2.8538      3.1378      3.0105      2.9753      3.3523      3.2127      3.6787      3.9984      3.8509      4.5109      4.5219      4.4126      4.6629      4.6661      4.6280      4.7630      4.7615      4.7380      4.8575      4.8607      4.8342      
2011-05-11     2.0637      2.1935      2.2201      2.8118      2.9739      3.0524      2.9078      3.1957      3.2293      3.6330      3.9023      3.8580      4.5065      4.5192      4.4249      4.6595      4.6658      4.6327      4.7609      4.7625      4.7409      4.8552      4.8602      4.8374      
2011-05-12     2.0820      2.1997      2.2376      2.7734      2.8759      3.0927      2.8918      3.0751      3.2476      3.6406      3.8220      3.8688      4.5005      4.5151      4.4372      4.6563      4.6636      4.6362      4.7592      4.7624      4.7434      4.8541      4.8593      4.8405      
2011-05-13     2.1011      2.2062      2.2554      2.9279      2.9274      3.1515      3.0711      3.1067      3.3139      3.7084      3.7806      3.8915      4.5016      4.5131      4.4509      4.6570      4.6637      4.6408      4.7596      4.7626      4.7465      4.8544      4.8584      4.8438      
2011-05-16     2.0953      2.1654      2.2735      3.2984      3.0932      3.2639      3.3774      3.2056      3.4110      3.8971      3.8222      3.9471      4.5047      4.5118      4.4653      4.6581      4.6626      4.6452      4.7592      4.7620      4.7494      4.8537      4.8569      4.8470      
2011-05-17     2.0931      2.1200      2.2903      3.6702      3.2620      3.3610      3.7010      3.3382      3.5005      4.0975      3.8881      4.0055      4.5141      4.5125      4.4793      4.6626      4.6628      4.6499      4.7606      4.7618      4.7522      4.8544      4.8560      4.8497      
2011-05-18     2.3028      2.1833      2.3596      3.7664      3.2891      3.3765      3.9725      3.4402      3.5559      4.2828      3.9579      4.0614      4.5276      4.5170      4.4930      4.6665      4.6630      4.6544      4.7624      4.7616      4.7546      4.8554      4.8553      4.8521      
2011-05-19     2.5950      2.3385      2.4491      3.9175      3.3454      3.4029      4.2374      3.5646      3.6079      4.4412      4.0409      4.1115      4.5415      4.5210      4.5057      4.6737      4.6650      4.6589      4.7647      4.7620      4.7569      4.8565      4.8553      4.8544      
2011-05-20     2.9782      2.5397      2.4726      4.0045      3.4662      3.4060      4.3149      3.6930      3.6193      4.5541      4.1313      4.1359      4.5512      4.5264      4.5166      4.6770      4.6670      4.6632      4.7650      4.7623      4.7592      4.8579      4.8561      4.8567      
2011-05-23     3.3602      2.7277      2.5188      4.0270      3.6627      3.4641      4.4224      3.8999      3.6768      4.6203      4.2587      4.1693      4.5597      4.5322      4.5261      4.6835      4.6708      4.6675      4.7660      4.7626      4.7610      4.8616      4.8576      4.8589      
2011-05-24     3.8357      2.9644      2.6079      4.0455      3.8579      3.4978      4.5809      4.1410      3.7466      4.7190      4.4082      4.2033      4.5693      4.5417      4.5318      4.6884      4.6755      4.6708      4.7692      4.7649      4.7632      4.8675      4.8609      4.8608      
2011-05-25     4.2057      3.2543      2.7239      4.4527      4.1095      3.5417      4.8569      4.4147      3.8052      4.8701      4.5765      4.2394      4.5821      4.5549      4.5370      4.6961      4.6813      4.6735      4.7742      4.7683      4.7654      4.8737      4.8645      4.8624      
2011-05-26     4.4670      3.5310      2.8654      4.7647      4.3411      3.6085      5.1319      4.6847      3.8799      5.0410      4.7411      4.2816      4.5989      4.5702      4.5427      4.7066      4.6902      4.6769      4.7818      4.7733      4.7678      4.8812      4.8689      4.8641      
2011-05-27     4.2332      3.6057      2.9060      4.8460      4.4252      3.6763      5.1783      4.7466      3.9267      5.1602      4.8572      4.3189      4.6148      4.5830      4.5481      4.7153      4.6962      4.6799      4.7885      4.7768      4.7697      4.8877      4.8728      4.8656      
2011-05-30     3.9431      3.6516      2.9085      4.5440      4.2855      3.6893      5.0583      4.7404      3.9730      5.1290      4.8746      4.3484      4.6212      4.5905      4.5511      4.7148      4.6991      4.6808      4.7935      4.7797      4.7708      4.8939      4.8777      4.8673      
2011-05-31     3.8164      3.8260      2.9730      4.3673      4.2064      3.7342      4.9590      4.7700      4.0541      5.0297      4.8743      4.3812      4.6237      4.5965      4.5545      4.7170      4.7027      4.6827      4.7958      4.7825      4.7721      4.8958      4.8817      4.8688      
2011-06-01     3.4456      3.8257      3.0045      4.0897      4.2712      3.7801      4.6943      4.7756      4.1079      4.8483      4.8592      4.4086      4.6209      4.6015      4.5593      4.7176      4.7069      4.6849      4.7963      4.7853      4.7734      4.8966      4.8852      4.8702      
2011-06-02     3.0437      3.7554      3.0469      3.7727      4.2687      3.8070      4.4287      4.7803      4.1724      4.6754      4.8582      4.4495      4.6121      4.6055      4.5632      4.7151      4.7109      4.6879      4.7942      4.7880      4.7750      4.8955      4.8884      4.8719      
2011-06-03     2.9775      3.6054      3.0725      3.5950      4.2205      3.8433      4.3675      4.7729      4.2329      4.5740      4.8671      4.4992      4.6022      4.6085      4.5674      4.7125      4.7139      4.6905      4.7908      4.7897      4.7760      4.8929      4.8903      4.8732      
2011-06-07     3.0668      3.5049      3.1163      3.6007      4.0723      3.8675      4.2403      4.6493      4.2746      4.5477      4.8384      4.5485      4.6018      4.6115      4.5718      4.7187      4.7168      4.6938      4.7883      4.7909      4.7768      4.8885      4.8912      4.8744      
2011-06-08     3.0314      3.4239      3.1942      3.5733      3.9703      3.9141      4.1250      4.5420      4.3415      4.5957      4.8127      4.6105      4.6114      4.6176      4.5796      4.7297      4.7234      4.6994      4.7881      4.7919      4.7784      4.8877      4.8918      4.8763      
2011-06-09     3.1595      3.3026      3.2784      3.6103      3.8500      3.9798      4.1927      4.4435      4.4291      4.7361      4.7922      4.6843      4.6391      4.6300      4.5924      4.7404      4.7290      4.7052      4.7921      4.7942      4.7812      4.8902      4.8934      4.8790      
2011-06-10     3.3541      3.1989      3.3650      3.8325      3.8026      4.0718      4.2772      4.3529      4.5188      4.9018      4.7886      4.7648      4.6731      4.6426      4.6064      4.7536      4.7343      4.7122      4.7994      4.7968      4.7850      4.8952      4.8954      4.8821      
2011-06-13     3.6136      3.2955      3.4506      4.0374      3.8162      4.1207      4.3817      4.3746      4.5606      5.0640      4.8190      4.8381      4.7295      4.6658      4.6244      4.7702      4.7414      4.7188      4.8109      4.8009      4.7888      4.9026      4.8978      4.8853      
2011-06-14     3.7111      3.3890      3.5203      4.2234      3.9120      4.0987      4.4917      4.3660      4.5532      5.2319      4.8898      4.8822      4.7945      4.6981      4.6443      4.7968      4.7578      4.7284      4.8259      4.8071      4.7934      4.9127      4.9006      4.8892      
2011-06-15     3.7754      3.4034      3.6147      4.7179      4.1456      4.1760      4.9025      4.5138      4.6419      5.6910      5.1434      5.0088      4.9194      4.7654      4.6810      4.8275      4.7786      4.7406      4.8462      4.8172      4.7998      4.9262      4.9069      4.8943      
2011-06-16     3.8174      3.4884      3.6570      5.2175      4.4139      4.3425      5.3845      4.7886      4.7821      6.1388      5.4375      5.1483      5.0870      4.8631      4.7323      4.8696      4.8050      4.7559      4.8691      4.8306      4.8079      4.9407      4.9155      4.9003      
2011-06-17     3.8510      3.6026      3.6790      5.6315      4.7320      4.5003      5.8572      5.0672      4.9238      6.5519      5.7269      5.2925      5.2676      4.9704      4.7879      4.9156      4.8346      4.7727      4.8934      4.8464      4.8172      4.9559      4.9256      4.9070      
2011-06-20     4.4815      4.0476      3.8265      6.2243      5.1309      4.6757      6.4337      5.4077      5.0903      6.9621      6.0130      5.4401      5.4414      5.0854      4.8470      4.9651      4.8677      4.7908      4.9228      4.8668      4.8282      4.9770      4.9398      4.9151      
2011-06-21     5.2122      4.4617      3.9833      7.0578      5.6406      4.8565      7.2905      5.8911      5.2702      7.3854      6.3086      5.5735      5.6252      5.2098      4.9107      5.0092      4.9030      4.8099      4.9520      4.8890      4.8399      4.9984      4.9556      4.9234      
2011-06-22     5.9086      4.8420      4.1330      7.5883      6.1531      5.0617      7.4642      6.1834      5.3627      7.4665      6.5788      5.6957      5.7813      5.3504      4.9840      5.0470      4.9372      4.8303      4.9782      4.9122      4.8521      5.0185      4.9723      4.9320      
2011-06-23     6.5760      5.1967      4.2496      8.0825      6.6500      5.2500      7.8726      6.6285      5.5360      7.5757      6.8573      5.8247      5.9402      5.5136      5.0718      5.0813      4.9754      4.8522      5.0025      4.9358      4.8650      5.0393      4.9900      4.9417      
2011-06-24     7.1890      5.5200      4.3595      8.4797      7.0556      5.4291      7.9315      6.8944      5.6237      7.6750      7.1134      5.9510      6.0834      5.6755      5.1591      5.1130      5.0143      4.8743      5.0251      4.9592      4.8780      5.0615      5.0087      4.9520      
2011-06-27     7.0204      5.7510      4.5232      8.4328      7.3286      5.5724      7.8345      7.1341      5.7544      7.7703      7.3662      6.0926      6.2208      5.8311      5.2485      5.1405      5.0528      4.8971      5.0426      4.9827      4.8918      5.0778      5.0274      4.9626      
2011-06-28     6.6040      5.9081      4.6485      8.0660      7.5619      5.7370      7.4067      7.3486      5.8573      7.8096      7.5975      6.2437      6.3446      5.9849      5.3415      5.1638      5.0865      4.9221      5.0593      5.0057      4.9064      5.0941      5.0462      4.9734      
2011-06-29     6.1170      6.0128      4.7081      7.5647      7.5765      5.8611      7.2207      7.3425      5.9281      7.8432      7.6549      6.3991      6.4241      6.1027      5.4341      5.1826      5.1148      4.9467      5.0738      5.0260      4.9216      5.1087      5.0636      4.9853      
2011-06-30     5.6501      6.1131      4.8007      7.0702      7.5764      5.9951      6.6601      7.2663      6.0275      7.7732      7.6745      6.5560      6.4259      6.1831      5.5231      5.1932      5.1373      4.9711      5.0846      5.0436      4.9371      5.1198      5.0796      4.9975      
2011-07-01     5.1860      6.1875      4.8951      6.5259      7.5028      6.1174      6.4524      7.1920      6.1296      7.6506      7.6628      6.6948      6.4254      6.2544      5.6124      5.2016      5.1573      4.9959      5.0938      5.0594      4.9529      5.1274      5.0945      5.0100      
2011-07-04     4.5338      5.7771      4.9123      6.0259      7.2294      6.1801      5.9247      6.8796      6.1437      7.4020      7.5861      6.7996      6.4109      6.3159      5.7006      5.2078      5.1741      5.0209      5.1009      5.0718      4.9693      5.1357      5.1068      5.0233      
2011-07-05     4.6905      5.6473      5.0545      6.0872      7.0766      6.3586      6.1347      6.7707      6.3309      7.1302      7.4699      6.8893      6.3883      6.3665      5.7881      5.2096      5.1867      5.0448      5.1064      5.0828      4.9859      5.1412      5.1177      5.0366      
2011-07-06     4.7999      5.4584      5.1502      6.3089      6.9368      6.5449      6.3895      6.8051      6.4942      6.8687      7.3560      6.9674      6.3635      6.3938      5.8721      5.2110      5.1968      5.0670      5.1104      5.0921      5.0022      5.1444      5.1266      5.0494      
2011-07-07     4.7661      5.2081      5.2024      6.1118      6.5910      6.6205      6.5815      6.6208      6.6247      6.5698      7.1715      7.0144      6.3512      6.3886      5.9511      5.2171      5.2051      5.0903      5.1220      5.1033      5.0196      5.1555      5.1377      5.0638      
2011-07-08     4.8198      5.0029      5.2615      6.1730      6.3495      6.7025      6.6115      6.5319      6.7132      6.2931      6.9718      7.0426      6.3350      6.3802      6.0279      5.2205      5.2111      5.1127      5.1340      5.1139      5.0366      5.1670      5.1472      5.0780      
2011-07-11     5.0527      4.7932      5.2721      6.2863      6.1561      6.7424      6.7920      6.3583      6.7462      6.0662      6.7341      7.0501      6.3114      6.3612      6.0961      5.2259      5.2169      5.1348      5.1477      5.1243      5.0535      5.1778      5.1568      5.0921      
2011-07-12     4.3713      4.5309      5.2195      5.9002      5.9937      6.7778      6.3293      6.2320      6.7903      5.8513      6.4907      7.0441      6.2800      6.3342      6.1595      5.2333      5.2214      5.1540      5.1602      5.1333      5.0695      5.1882      5.1647      5.1055      
2011-07-13     3.9455      4.3727      5.1927      5.1523      5.7306      6.6536      5.7775      6.0835      6.7130      5.6175      6.2431      6.9490      6.2354      6.2995      6.2011      5.2427      5.2269      5.1708      5.1727      5.1416      5.0838      5.1993      5.1718      5.1177      
2011-07-14     3.8240      4.2950      5.2040      4.9905      5.5512      6.5638      5.4450      6.0132      6.6398      5.4557      6.0127      6.8436      6.1864      6.2688      6.2259      5.2569      5.2370      5.1871      5.1769      5.1495      5.0965      5.2016      5.1786      5.1291      
2011-07-15     3.5980      4.2089      5.1982      4.5582      5.3656      6.4342      5.3527      5.9821      6.5870      5.3401      5.8166      6.7397      6.1296      6.2323      6.2434      5.2661      5.2433      5.2003      5.1806      5.1573      5.1084      5.2033      5.1851      5.1398      
2011-07-18     3.5223      4.2875      5.0323      4.3968      5.3416      6.2855      5.4027      6.0973      6.4885      5.3151      5.6906      6.6384      6.0802      6.1958      6.2558      5.2723      5.2491      5.2116      5.1827      5.1652      5.1185      5.2041      5.1909      5.1488      
2011-07-19     3.9218      4.1466      4.8969      4.3395      5.1198      6.0982      5.4167      5.8730      6.3218      5.3398      5.5955      6.5327      6.0382      6.1591      6.2628      5.2793      5.2563      5.2215      5.1852      5.1727      5.1278      5.2051      5.1967      5.1572      
2011-07-20     4.1790      4.0623      4.7603      4.6707      4.9115      5.9241      5.6162      5.6968      6.2510      5.4694      5.5435      6.4497      6.0100      6.1227      6.2583      5.2859      5.2643      5.2306      5.1885      5.1806      5.1364      5.2066      5.2029      5.1647      
2011-07-21     4.4188      4.1214      4.6648      4.8647      4.9276      5.7593      5.7807      5.6128      6.1168      5.7392      5.5975      6.3845      5.9841      6.0853      6.2369      5.2833      5.2701      5.2376      5.1929      5.1849      5.1441      5.2082      5.2049      5.1713      
2011-07-22     4.7045      4.1513      4.5771      5.1302      4.8442      5.5968      5.8730      5.6128      6.0724      6.0765      5.7083      6.3401      5.9736      6.0516      6.2159      5.2837      5.2749      5.2430      5.1939      5.1873      5.1506      5.2110      5.2071      5.1772      
2011-07-25     5.0053      4.2638      4.5285      5.2777      4.8373      5.4967      6.0385      5.7206      6.0395      6.3247      5.8199      6.2770      5.9827      6.0315      6.1963      5.2848      5.2786      5.2477      5.1946      5.1887      5.1565      5.2144      5.2093      5.1830      
2011-07-26     5.0423      4.4821      4.5065      5.3595      4.8495      5.4216      6.2197      5.8182      6.0251      6.5695      5.9546      6.2227      5.9922      6.0152      6.1747      5.2862      5.2828      5.2521      5.1959      5.1906      5.1619      5.2189      5.2120      5.1884      
2011-07-27     4.9243      4.5517      4.4622      5.2805      4.9756      5.3531      6.3523      5.9842      6.0339      6.7045      6.0869      6.1650      6.0022      6.0061      6.1528      5.2833      5.2846      5.2557      5.1959      5.1922      5.1669      5.2230      5.2148      5.1933      
2011-07-28     4.5675      4.4932      4.3941      5.1350      4.9998      5.2755      6.2377      6.0092      6.0112      6.6678      6.2035      6.1081      6.0111      5.9976      6.1332      5.2770      5.2802      5.2586      5.1939      5.1934      5.1715      5.2264      5.2173      5.1980      
2011-07-29     4.2045      4.4545      4.3317      5.0738      5.1020      5.2338      6.0903      5.9817      5.9819      6.5213      6.2989      6.0577      6.0172      5.9954      6.1139      5.2733      5.2785      5.2609      5.1938      5.1939      5.1756      5.2282      5.2196      5.2024      
2011-08-01     3.7816      4.3935      4.3405      5.0244      5.1511      5.2463      5.9545      5.9965      6.0469      6.3340      6.3293      6.0100      6.0038      5.9932      6.0945      5.2691      5.2770      5.2630      5.1930      5.1938      5.1795      5.2289      5.2217      5.2063      
2011-08-02     3.4210      4.2317      4.1891      5.0009      5.1802      5.1500      5.7280      5.9738      5.9234      6.0796      6.3245      5.9600      5.9798      5.9860      6.0725      5.2611      5.2737      5.2650      5.1915      5.1937      5.1832      5.2290      5.2240      5.2103      
2011-08-03     3.1540      4.0392      4.0507      4.8291      5.0548      4.9831      5.3480      5.8501      5.7735      5.8016      6.2530      5.8982      5.9538      5.9780      6.0504      5.2548      5.2690      5.2667      5.1905      5.1932      5.1869      5.2288      5.2259      5.2144      
2011-08-04     2.9955      3.7815      3.9515      4.4731      4.8040      4.8658      4.9858      5.6117      5.6123      5.5180      6.0929      5.8452      5.9236      5.9673      6.0263      5.2497      5.2633      5.2667      5.1898      5.1919      5.1884      5.2280      5.2272      5.2161      
2011-08-05     2.8627      3.5336      3.8424      4.0522      4.5630      4.7036      4.4915      5.2909      5.4519      5.2738      5.8976      5.8029      5.8851      5.9511      6.0014      5.2428      5.2580      5.2665      5.1884      5.1911      5.1892      5.2275      5.2279      5.2175      
2011-08-08     2.8031      3.2924      3.7781      3.6498      4.3371      4.5872      4.0043      4.9794      5.3500      5.1352      5.7346      5.7772      5.8401      5.9219      5.9767      5.2362      5.2527      5.2656      5.1878      5.1904      5.1895      5.2268      5.2278      5.2185      
2011-08-09     2.7881      3.1046      3.7933      3.2938      4.1474      4.4984      3.6788      4.7034      5.2608      5.0675      5.5735      5.7641      5.7965      5.8882      5.9517      5.2328      5.2470      5.2649      5.1876      5.1896      5.1901      5.2258      5.2274      5.2197      
2011-08-10     2.8339      2.9940      3.7728      3.0951      3.9621      4.4689      3.4760      4.4120      5.1981      5.0296      5.4156      5.7513      5.7484      5.8511      5.9286      5.2297      5.2422      5.2634      5.1878      5.1891      5.1907      5.2254      5.2271      5.2210      
2011-08-11     2.8138      2.9047      3.6989      3.0612      3.7671      4.3835      3.3830      4.1844      5.0968      5.0221      5.2700      5.7367      5.6962      5.8099      5.9038      5.2267      5.2382      5.2592      5.1881      5.1889      5.1912      5.2254      5.2267      5.2220      
2011-08-12     2.8092      2.8359      3.6452      3.0757      3.5639      4.3330      3.4635      3.9775      4.9796      5.0100      5.1419      5.7204      5.6400      5.7625      5.8790      5.2363      5.2395      5.2590      5.1899      5.1891      5.1915      5.2253      5.2264      5.2230      
2011-08-15     2.8333      2.8182      3.6058      3.1232      3.3865      4.2688      3.4537      3.7290      4.8627      4.9779      5.0566      5.6929      5.5893      5.7147      5.8540      5.2470      5.2416      5.2593      5.1914      5.1896      5.1917      5.2250      5.2259      5.2238      
2011-08-16     2.8834      2.8357      3.5337      3.1471      3.2205      4.2003      3.4220      3.5504      4.7621      4.9336      5.0005      5.6625      5.5432      5.6699      5.8279      5.2520      5.2424      5.2580      5.1914      5.1895      5.1916      5.2237      5.2247      5.2244      
2011-08-17     2.8747      2.8543      3.4467      3.1693      3.1322      4.0935      3.3796      3.4278      4.6390      4.9100      4.9698      5.6114      5.5023      5.6253      5.8017      5.2560      5.2429      5.2559      5.1912      5.1895      5.1914      5.2226      5.2240      5.2250      
2011-08-18     3.0144      2.9141      3.3478      3.3031      3.1821      3.9931      3.5327      3.4579      4.5348      4.9295      4.9758      5.5343      5.4712      5.5837      5.7755      5.2608      5.2438      5.2535      5.1916      5.1898      5.1909      5.2224      5.2239      5.2256      
2011-08-19     3.1934      3.0013      3.2675      3.5472      3.3115      3.9372      3.7192      3.5914      4.4411      5.0182      5.0141      5.4558      5.4526      5.5463      5.7487      5.2558      5.2460      5.2520      5.1920      5.1910      5.1910      5.2225      5.2239      5.2259      
2011-08-22     3.4296      3.1315      3.2119      3.8931      3.5081      3.9226      4.0264      3.7400      4.3597      5.1373      5.0576      5.3961      5.4395      5.5144      5.7182      5.2501      5.2486      5.2506      5.1926      5.1920      5.1912      5.2232      5.2241      5.2260      
2011-08-23     3.6783      3.2808      3.1927      4.2885      3.7178      3.9326      4.4024      3.9122      4.3078      5.2659      5.0998      5.3366      5.4324      5.4878      5.6880      5.2482      5.2501      5.2485      5.1944      5.1929      5.1912      5.2250      5.2243      5.2259      
2011-08-24     3.8321      3.3534      3.1737      4.5328      3.8510      3.9066      4.6587      4.0191      4.2155      5.3345      5.1223      5.2689      5.4245      5.4634      5.6572      5.2463      5.2512      5.2467      5.1955      5.1934      5.1913      5.2265      5.2245      5.2258      
2011-08-25     3.8112      3.4128      3.1587      4.6762      3.9896      3.8784      4.7108      4.1218      4.1531      5.3485      5.1390      5.2045      5.4149      5.4430      5.6265      5.2442      5.2525      5.2454      5.1964      5.1940      5.1915      5.2271      5.2248      5.2257      
2011-08-26     3.7180      3.4557      3.1458      4.6267      4.0870      3.8254      4.6513      4.1853      4.0814      5.2660      5.1421      5.1420      5.3992      5.4259      5.5942      5.2411      5.2484      5.2440      5.1966      5.1943      5.1917      5.2274      5.2249      5.2256      
2011-08-29     3.5450      3.4873      3.1528      4.5125      4.2028      3.7946      4.7815      4.4039      4.0665      5.2299      5.1836      5.1201      5.4111      5.4253      5.5700      5.2441      5.2471      5.2444      5.1978      5.1952      5.1924      5.2290      5.2261      5.2260      
2011-08-30     3.3851      3.5317      3.1837      4.4695      4.3790      3.7997      4.8335      4.6180      4.0842      5.1995      5.2327      5.1166      5.4285      5.4304      5.5501      5.2519      5.2501      5.2462      5.2001      5.1973      5.1934      5.2310      5.2280      5.2264      
2011-08-31     3.3022      3.5671      3.2107      4.5729      4.5529      3.8425      5.0102      4.8344      4.1311      5.2344      5.2845      5.1271      5.4564      5.4404      5.5329      5.2621      5.2542      5.2485      5.2035      5.1995      5.1945      5.2334      5.2299      5.2270      
2011-09-01     3.3185      3.5648      3.2395      4.6295      4.6529      3.9175      5.0922      4.9015      4.1797      5.2912      5.3199      5.1478      5.4949      5.4549      5.5193      5.2726      5.2584      5.2511      5.2071      5.2017      5.1958      5.2366      5.2319      5.2279      
2011-09-02     3.3699      3.5440      3.2726      4.6588      4.6427      3.9771      5.2365      4.9439      4.2676      5.4042      5.3351      5.1746      5.5390      5.4691      5.5077      5.2838      5.2625      5.2542      5.2109      5.2038      5.1974      5.2409      5.2342      5.2290      
2011-09-05     3.5148      3.5299      3.3307      4.7551      4.6338      4.0710      5.2152      4.9984      4.3692      5.4792      5.3546      5.2061      5.5633      5.4872      5.5008      5.2899      5.2670      5.2578      5.2144      5.2061      5.1991      5.2440      5.2365      5.2303      
2011-09-06     3.4281      3.4066      3.3437      4.6577      4.5636      4.1407      5.1027      4.9681      4.4401      5.5478      5.3737      5.2367      5.5832      5.5058      5.4968      5.2933      5.2726      5.2613      5.2167      5.2084      5.2006      5.2467      5.2388      5.2316      
2011-09-07     3.3683      3.3352      3.3443      4.5392      4.5561      4.2036      4.8847      4.9474      4.4833      5.5685      5.4015      5.2619      5.6045      5.5304      5.4969      5.2957      5.2789      5.2650      5.2189      5.2112      5.2023      5.2494      5.2414      5.2330      
2011-09-08     3.3056      3.3120      3.3624      4.3881      4.5088      4.2492      4.7115      4.9018      4.5118      5.5546      5.4229      5.2810      5.6201      5.5575      5.5003      5.2985      5.2856      5.2690      5.2206      5.2138      5.2039      5.2517      5.2442      5.2345      
2011-09-09     3.2176      3.2938      3.3747      4.2723      4.4656      4.2763      4.5175      4.8770      4.5311      5.4574      5.4308      5.2865      5.6353      5.5872      5.5065      5.3016      5.2927      5.2706      5.2220      5.2164      5.2054      5.2531      5.2470      5.2360      
2011-09-13     3.0302      3.2725      3.3799      3.9532      4.3541      4.2785      4.1535      4.6844      4.5441      5.3382      5.4087      5.2962      5.6392      5.6012      5.5133      5.3027      5.2963      5.2717      5.2220      5.2182      5.2067      5.2540      5.2490      5.2375      
2011-09-14     3.0222      3.2252      3.3784      3.7132      4.1855      4.2822      3.9020      4.5023      4.5601      5.2641      5.4060      5.3193      5.6430      5.6131      5.5218      5.3028      5.2980      5.2740      5.2219      5.2193      5.2083      5.2547      5.2507      5.2394      
2011-09-15     3.0500      3.2091      3.3881      3.5093      4.0243      4.2886      3.8240      4.3543      4.5944      5.2144      5.3915      5.3380      5.6370      5.6208      5.5306      5.3020      5.2988      5.2765      5.2206      5.2197      5.2096      5.2549      5.2522      5.2410      
2011-09-16     3.0668      3.1862      3.3755      3.3714      3.8797      4.2663      3.6996      4.2056      4.5535      5.1865      5.3705      5.3452      5.6293      5.6247      5.5398      5.3007      5.2996      5.2790      5.2197      5.2202      5.2109      5.2550      5.2534      5.2426      
2011-09-19     3.1542      3.1859      3.3649      3.3567      3.8145      4.2286      3.6166      4.0670      4.5055      5.2530      5.3552      5.3452      5.6218      5.6286      5.5488      5.2991      5.3003      5.2814      5.2186      5.2203      5.2120      5.2550      5.2540      5.2441      
2011-09-20     3.3232      3.1767      3.3533      3.4990      3.7261      4.1800      3.8288      3.9911      4.4947      5.3770      5.3576      5.3561      5.6207      5.6299      5.5586      5.2983      5.3005      5.2838      5.2178      5.2199      5.2130      5.2551      5.2546      5.2455      
2011-09-21     3.4786      3.2504      3.3285      3.6572      3.6852      4.1244      4.0312      3.9666      4.4673      5.4851      5.3746      5.3741      5.6225      5.6328      5.5693      5.2979      5.3003      5.2865      5.2173      5.2196      5.2140      5.2549      5.2548      5.2468      
2011-09-22     3.5408      3.2954      3.3153      3.7690      3.6392      4.0976      4.1294      3.9767      4.4621      5.6186      5.4165      5.4090      5.6241      5.6306      5.5805      5.2977      5.2998      5.2894      5.2172      5.2189      5.2150      5.2547      5.2548      5.2481      
2011-09-23     3.5616      3.3142      3.3131      3.9376      3.6545      4.0817      4.2841      3.9919      4.4468      5.7517      5.4691      5.4460      5.6273      5.6283      5.5929      5.2976      5.2991      5.2923      5.2167      5.2182      5.2160      5.2542      5.2546      5.2494      
2011-09-26     3.4853      3.3197      3.3067      3.9896      3.6732      4.0694      4.4668      4.0417      4.4593      5.8410      5.5470      5.4889      5.6284      5.6251      5.6061      5.2975      5.2983      5.2955      5.2168      5.2177      5.2171      5.2540      5.2545      5.2507      
2011-09-27     3.5368      3.4300      3.3512      4.1243      3.8117      4.0829      4.5624      4.1956      4.4400      5.8442      5.6106      5.5097      5.6295      5.6251      5.6131      5.2971      5.2977      5.2970      5.2168      5.2173      5.2178      5.2538      5.2545      5.2517      
2011-09-28     3.5882      3.5334      3.3793      4.2705      3.9638      4.0746      4.6458      4.3385      4.4204      5.8390      5.6621      5.5340      5.6294      5.6260      5.6195      5.2971      5.2975      5.2978      5.2169      5.2171      5.2182      5.2541      5.2545      5.2526      
2011-09-29     3.6618      3.6013      3.4052      4.5035      4.1363      4.0803      4.7713      4.4504      4.4023      5.8187      5.7187      5.5551      5.6316      5.6279      5.6243      5.2970      5.2974      5.2981      5.2169      5.2170      5.2184      5.2541      5.2544      5.2533      
2011-09-30     3.9814      3.7715      3.4789      4.6713      4.3045      4.0921      4.9335      4.6088      4.4072      5.8261      5.7889      5.5797      5.6344      5.6308      5.6278      5.2981      5.2978      5.2987      5.2178      5.2173      5.2187      5.2540      5.2541      5.2537      
2011-10-08     4.3343      3.9098      3.5478      4.9027      4.4462      4.1303      5.0388      4.7528      4.4099      5.7482      5.7946      5.5749      5.6389      5.6337      5.6311      5.2991      5.2983      5.2993      5.2191      5.2180      5.2191      5.2538      5.2539      5.2540      
2011-10-09     4.4362      3.9865      3.5816      4.9283      4.5263      4.1262      5.0003      4.7814      4.3863      5.6631      5.7537      5.5556      5.6418      5.6356      5.6328      5.3006      5.2989      5.2997      5.2207      5.2188      5.2193      5.2535      5.2536      5.2541      
2011-10-10     4.4017      3.9949      3.6227      4.8520      4.5613      4.1232      4.9000      4.7729      4.3698      5.5596      5.6993      5.5370      5.6436      5.6365      5.6346      5.3018      5.2995      5.2999      5.2221      5.2195      5.2196      5.2530      5.2536      5.2542      
2011-10-11     4.3156      3.9887      3.6420      4.6780      4.5908      4.1150      4.7718      4.7716      4.3741      5.4427      5.6307      5.5236      5.6456      5.6386      5.6346      5.3026      5.2998      5.2998      5.2234      5.2201      5.2195      5.2524      5.2532      5.2540      
2011-10-12     3.9361      3.9588      3.6365      4.3407      4.5060      4.0802      4.5503      4.7419      4.3669      5.3245      5.5753      5.5222      5.6432      5.6388      5.6335      5.3046      5.3014      5.3003      5.2245      5.2211      5.2197      5.2523      5.2532      5.2539      
2011-10-13     3.5569      3.9456      3.6327      3.9777      4.4402      4.0567      4.2318      4.6353      4.3385      5.2857      5.5170      5.5320      5.6412      5.6400      5.6326      5.3088      5.3040      5.3011      5.2256      5.2224      5.2200      5.2524      5.2531      5.2538      
2011-10-14     3.2200      3.8281      3.6290      3.6482      4.2883      4.0500      4.0751      4.5377      4.3667      5.2964      5.4798      5.5452      5.6398      5.6408      5.6329      5.3197      5.3101      5.3039      5.2271      5.2239      5.2206      5.2532      5.2533      5.2539      
2011-10-17     3.0177      3.7097      3.6215      3.4305      4.1413      4.0525      3.9251      4.4126      4.3755      5.2481      5.4038      5.5330      5.6383      5.6409      5.6334      5.3332      5.3175      5.3075      5.2297      5.2259      5.2215      5.2540      5.2535      5.2540      
2011-10-18     2.8955      3.6056      3.6034      3.2897      3.9838      4.0600      3.8113      4.2916      4.3710      5.2127      5.3277      5.5232      5.6329      5.6393      5.6336      5.3516      5.3271      5.3122      5.2327      5.2280      5.2225      5.2545      5.2534      5.2539      
2011-10-19     2.8758      3.4059      3.5887      3.2968      3.8188      4.0616      3.7183      4.1343      4.3715      5.1484      5.2365      5.5127      5.6296      5.6364      5.6336      5.3670      5.3358      5.3168      5.2351      5.2298      5.2235      5.2547      5.2535      5.2538      
2011-10-20     2.8849      3.2209      3.5653      3.3580      3.6678      4.0570      3.8318      4.0318      4.3923      5.0859      5.1858      5.4902      5.6240      5.6326      5.6331      5.3820      5.3454      5.3218      5.2369      5.2312      5.2246      5.2542      5.2533      5.2536      
2011-10-21     2.9237      3.0719      3.5292      3.4153      3.5318      4.0290      3.8153      3.9452      4.3633      5.0122      5.1543      5.4540      5.6206      5.6302      5.6329      5.3908      5.3552      5.3270      5.2387      5.2329      5.2258      5.2540      5.2536      5.2536      
2011-10-24     2.9752      2.9964      3.4957      3.4280      3.4293      3.9953      3.8670      3.8961      4.3345      4.9944      5.1212      5.4103      5.6152      5.6267      5.6316      5.3971      5.3652      5.3323      5.2395      5.2346      5.2270      5.2535      5.2537      5.2536      
2011-10-25     3.1287      3.0121      3.5004      3.5273      3.4085      3.9996      3.9937      3.9025      4.3370      5.0021      5.1074      5.3690      5.6178      5.6253      5.6320      5.4010      5.3763      5.3381      5.2408      5.2368      5.2284      5.2535      5.2540      5.2536      
2011-10-26     3.3491      3.1124      3.5356      3.6753      3.4861      3.9960      4.2035      3.9609      4.3514      5.0302      5.0893      5.3323      5.6213      5.6254      5.6321      5.4074      5.3872      5.3443      5.2425      5.2388      5.2300      5.2534      5.2540      5.2536      
2011-10-27     3.5846      3.2348      3.5902      3.8922      3.6251      4.0326      4.3340      4.0829      4.3591      5.1001      5.0930      5.3050      5.6309      5.6275      5.6338      5.4151      5.3985      5.3513      5.2439      5.2404      5.2314      5.2525      5.2534      5.2533      
2011-10-28     3.9495      3.4366      3.6323      4.2012      3.8083      4.0483      4.5815      4.1984      4.3681      5.2743      5.1432      5.3115      5.6404      5.6305      5.6356      5.4239      5.4074      5.3588      5.2448      5.2417      5.2328      5.2516      5.2528      5.2531      
2011-10-31     4.2755      3.6253      3.6675      4.5092      3.9686      4.0549      4.9372      4.4021      4.4073      5.4631      5.2287      5.3163      5.6586      5.6369      5.6389      5.4343      5.4157      5.3666      5.2456      5.2426      5.2342      5.2515      5.2525      5.2530      
2011-11-01     4.2163      3.6725      3.6390      4.5820      4.0547      4.0193      4.9140      4.4539      4.3727      5.5820      5.2921      5.3099      5.6852      5.6515      5.6454      5.4425      5.4218      5.3744      5.2456      5.2432      5.2356      5.2508      5.2521      5.2528      
2011-11-02     4.0359      3.6925      3.5492      4.5028      4.0891      3.9539      4.7650      4.4843      4.3093      5.5972      5.3137      5.2751      5.6988      5.6600      5.6482      5.4452      5.4263      5.3810      5.2457      5.2441      5.2369      5.2510      5.2522      5.2528      
2011-11-03     3.8164      3.7005      3.4607      4.2740      4.0831      3.8755      4.5823      4.4582      4.2450      5.5670      5.3335      5.2597      5.7087      5.6698      5.6512      5.4473      5.4312      5.3883      5.2464      5.2451      5.2382      5.2524      5.2525      5.2529      
2011-11-04     3.4548      3.7021      3.3870      3.9778      4.0895      3.8106      4.2612      4.4214      4.1833      5.4161      5.3452      5.2498      5.7167      5.6785      5.6543      5.4485      5.4362      5.3957      5.2471      5.2459      5.2394      5.2534      5.2525      5.2530      
2011-11-07     3.1344      3.7050      3.3507      3.7028      4.1060      3.7676      3.8316      4.3844      4.1402      5.2188      5.3409      5.2311      5.7201      5.6894      5.6581      5.4476      5.4409      5.4030      5.2477      5.2466      5.2406      5.2537      5.2526      5.2532      
2011-11-08     3.0963      3.6563      3.3342      3.5436      4.0628      3.7357      3.6792      4.2966      4.0996      5.0623      5.3222      5.2148      5.7083      5.6967      5.6610      5.4476      5.4451      5.4107      5.2484      5.2470      5.2419      5.2549      5.2529      5.2534      
2011-11-09     3.1003      3.5681      3.3403      3.5081      4.0055      3.7458      3.6559      4.2105      4.0857      4.9345      5.2659      5.1776      5.7085      5.7037      5.6646      5.4514      5.4483      5.4177      5.2481      5.2469      5.2428      5.2546      5.2528      5.2534      
2011-11-10     3.1074      3.4619      3.3483      3.5240      3.8990      3.7620      3.6411      4.1117      4.0973      4.8209      5.1939      5.1435      5.7050      5.7069      5.6672      5.4535      5.4504      5.4245      5.2475      5.2469      5.2437      5.2542      5.2533      5.2534      
2011-11-11     3.0541      3.2544      3.3455      3.5243      3.7511      3.7797      3.6532      3.9572      4.0778      4.7125      5.0643      5.1038      5.6950      5.7059      5.6682      5.4554      5.4520      5.4297      5.2465      5.2468      5.2443      5.2535      5.2534      5.2531      
2011-11-14     3.0152      3.0748      3.3501      3.4720      3.5874      3.7780      3.6745      3.7530      4.0776      4.6349      4.9268      5.0778      5.6829      5.7015      5.6692      5.4581      5.4529      5.4343      5.2460      5.2468      5.2447      5.2532      5.2535      5.2530      
2011-11-15     2.9753      3.0358      3.3542      3.4198      3.4817      3.7682      3.6290      3.6541      4.0540      4.5646      4.8135      5.0528      5.6731      5.6907      5.6711      5.4598      5.4537      5.4377      5.2455      5.2470      5.2451      5.2524      5.2536      5.2529      
2011-11-16     2.9370      3.0187      3.3556      3.3852      3.4467      3.7679      3.5698      3.6128      4.0486      4.5752      4.7549      5.0343      5.6633      5.6859      5.6730      5.4624      5.4569      5.4416      5.2454      5.2468      5.2454      5.2520      5.2533      5.2527      
2011-11-17     2.9578      3.0326      3.3666      3.4003      3.4622      3.7726      3.5699      3.6055      4.0318      4.6299      4.7254      5.0295      5.6580      5.6815      5.6757      5.4679      5.4607      5.4459      5.2453      5.2464      5.2458      5.2518      5.2530      5.2527      
2011-11-18     3.0776      3.0658      3.3840      3.4402      3.4823      3.7859      3.6362      3.6447      4.0330      4.7074      4.7100      5.0276      5.6582      5.6766      5.6776      5.4718      5.4636      5.4499      5.2459      5.2462      5.2461      5.2520      5.2527      5.2526      
2011-11-21     3.2185      3.1168      3.4109      3.6207      3.5464      3.8262      3.7452      3.7098      4.0471      4.8293      4.7321      5.0365      5.6588      5.6709      5.6801      5.4785      5.4683      5.4546      5.2465      5.2463      5.2465      5.2514      5.2523      5.2525      
2011-11-22     3.4028      3.1891      3.4227      3.8436      3.6317      3.8473      4.0313      3.8302      4.0634      4.9785      4.7716      5.0469      5.6608      5.6670      5.6818      5.4904      5.4751      5.4601      5.2468      5.2462      5.2466      5.2516      5.2520      5.2524      
2011-11-23     3.6092      3.2731      3.4206      4.0411      3.7131      3.8593      4.3327      3.9512      4.0808      5.1114      4.8433      5.0546      5.6635      5.6634      5.6835      5.5011      5.4818      5.4650      5.2473      5.2464      5.2466      5.2514      5.2517      5.2523      
2011-11-24     3.7527      3.3552      3.4086      4.1516      3.7760      3.8375      4.5397      4.0548      4.0833      5.1994      4.9147      5.0543      5.6654      5.6617      5.6843      5.5065      5.4872      5.4688      5.2478      5.2466      5.2468      5.2511      5.2514      5.2524      
2011-11-25     3.8720      3.4748      3.3646      4.2188      3.8295      3.7903      4.6846      4.1604      4.0588      5.2789      4.9932      5.0287      5.6679      5.6630      5.6844      5.5126      5.4922      5.4721      5.2480      5.2470      5.2469      5.2504      5.2512      5.2523      
2011-11-28     3.8929      3.5557      3.3152      4.1737      3.8972      3.7423      4.7663      4.2557      4.0044      5.2816      5.0554      4.9911      5.6652      5.6620      5.6818      5.5179      5.4982      5.4756      5.2483      5.2474      5.2471      5.2498      5.2506      5.2520      
2011-11-29     3.8077      3.6053      3.3206      4.0188      3.9312      3.7065      4.7405      4.3859      4.0200      5.2502      5.1144      4.9639      5.6650      5.6629      5.6768      5.5147      5.5025      5.4781      5.2480      5.2474      5.2472      5.2497      5.2506      5.2521      
2011-11-30     3.7014      3.6553      3.3370      3.9452      3.9931      3.7199      4.6357      4.4842      4.0485      5.1510      5.1312      4.9430      5.6642      5.6638      5.6749      5.5108      5.5060      5.4815      5.2475      5.2474      5.2471      5.2500      5.2507      5.2520      
2011-12-01     3.5076      3.6301      3.3314      3.9185      4.0350      3.7486      4.5292      4.5344      4.0700      5.0274      5.1134      4.9194      5.6518      5.6586      5.6701      5.5042      5.5053      5.4830      5.2467      5.2473      5.2469      5.2489      5.2500      5.2515      
2011-12-02     3.2982      3.5851      3.3255      3.8403      4.0296      3.7559      4.2942      4.4894      4.0671      4.8848      5.0819      4.8959      5.6270      5.6475      5.6620      5.4925      5.5026      5.4831      5.2452      5.2466      5.2464      5.2471      5.2488      5.2507      
2011-12-05     3.1280      3.5104      3.3136      3.7023      3.9380      3.7422      4.0235      4.3949      4.0524      4.7786      5.0301      4.8811      5.6027      5.6340      5.6524      5.4760      5.4970      5.4827      5.2428      5.2456      5.2459      5.2448      5.2473      5.2498      
2011-12-06     3.0164      3.4121      3.3006      3.6536      3.8362      3.7340      3.7838      4.2622      4.0462      4.6791      4.9647      4.8681      5.5725      5.6187      5.6428      5.4622      5.4884      5.4818      5.2410      5.2445      5.2453      5.2420      5.2458      5.2489      
2011-12-07     2.9053      3.3034      3.2882      3.5469      3.7460      3.7296      3.6031      4.1194      4.0353      4.6578      4.9044      4.8739      5.5362      5.6002      5.6318      5.4476      5.4792      5.4805      5.2390      5.2432      5.2448      5.2388      5.2444      5.2480      
2011-12-08     2.8817      3.1946      3.2749      3.4464      3.6825      3.7292      3.4696      3.9994      4.0271      4.6781      4.8527      4.8837      5.5094      5.5806      5.6212      5.4386      5.4714      5.4793      5.2375      5.2421      5.2443      5.2374      5.2431      5.2473      
2011-12-09     2.8653      3.0817      3.2783      3.4237      3.6320      3.7307      3.4583      3.8763      4.0183      4.6714      4.7781      4.8856      5.4944      5.5607      5.6119      5.4353      5.4639      5.4780      5.2369      5.2411      5.2440      5.2369      5.2420      5.2466      
2011-12-12     2.8834      3.0057      3.2807      3.4728      3.5876      3.7424      3.5278      3.7757      4.0157      4.7222      4.7504      4.9029      5.4805      5.5416      5.6018      5.4328      5.4544      5.4763      5.2378      5.2403      5.2439      5.2370      5.2409      5.2458      
2011-12-13     2.9036      2.9600      3.2826      3.4935      3.5736      3.7524      3.5482      3.6660      4.0260      4.7752      4.7272      4.9208      5.4671      5.5198      5.5913      5.4316      5.4469      5.4747      5.2389      5.2400      5.2437      5.2369      5.2395      5.2450      
2011-12-14     2.9128      2.9091      3.2822      3.4493      3.4981      3.7456      3.5157      3.5594      4.0218      4.7820      4.7199      4.9256      5.4594      5.4978      5.5808      5.4323      5.4400      5.4730      5.2403      5.2397      5.2435      5.2369      5.2378      5.2443      
2011-12-15     2.9306      2.9062      3.2681      3.4453      3.4459      3.7405      3.4902      3.4799      4.0072      4.8406      4.7594      4.9364      5.4546      5.4820      5.5703      5.4321      5.4354      5.4704      5.2417      5.2396      5.2434      5.2368      5.2371      5.2435      
2011-12-16     2.9277      2.8965      3.2408      3.3508      3.3873      3.7084      3.5243      3.4913      3.9904      4.9374      4.8044      4.9431      5.4511      5.4727      5.5601      5.4317      5.4335      5.4680      5.2433      5.2401      5.2433      5.2366      5.2367      5.2427      
2011-12-19     2.9135      2.8985      3.2045      3.2445      3.3587      3.6483      3.6625      3.5952      3.9950      5.0391      4.8807      4.9554      5.4490      5.4648      5.5494      5.4316      5.4322      5.4646      5.2434      5.2406      5.2431      5.2363      5.2367      5.2420      
2011-12-20     2.8987      2.9012      3.1566      3.1892      3.3413      3.5888      3.8173      3.6828      3.9725      5.1694      4.9723      4.9685      5.4501      5.4586      5.5386      5.4312      5.4314      5.4599      5.2431      5.2410      5.2428      5.2361      5.2365      5.2412      
2011-12-21     2.8952      2.9040      3.1037      3.2668      3.3581      3.5521      4.1498      3.8328      3.9761      5.3963      5.0891      4.9968      5.4506      5.4550      5.5276      5.4300      5.4312      5.4552      5.2437      5.2420      5.2426      5.2362      5.2366      5.2405      
2011-12-22     2.8926      2.9116      3.0531      3.3316      3.3885      3.5355      4.5427      4.0164      4.0079      5.5552      5.1979      5.0253      5.4524      5.4535      5.5170      5.4281      5.4301      5.4508      5.2439      5.2428      5.2424      5.2361      5.2364      5.2398      
2011-12-23     2.9053      2.9165      2.9991      3.4678      3.4093      3.5206      4.9018      4.2131      4.0447      5.7069      5.3222      5.0501      5.4545      5.4528      5.5067      5.4250      5.4283      5.4461      5.2430      5.2432      5.2421      5.2357      5.2361      5.2391      
2011-12-26     2.9298      2.9217      2.9637      3.6855      3.4650      3.5263      5.0445      4.3535      4.0646      5.7909      5.4150      5.0827      5.4558      5.4524      5.4970      5.4222      5.4269      5.4407      5.2426      5.2430      5.2416      5.2352      5.2358      5.2383      
2011-12-27     2.9698      2.9343      2.9471      3.9182      3.5537      3.5636      5.2665      4.5419      4.1040      5.8469      5.5082      5.1177      5.4583      5.4542      5.4870      5.4209      5.4260      5.4365      5.2423      5.2427      5.2413      5.2349      5.2355      5.2375      
2011-12-28     3.0742      2.9847      2.9469      4.1443      3.7056      3.6019      5.4052      4.7775      4.1685      5.8439      5.6201      5.1700      5.4637      5.4572      5.4775      5.4203      5.4252      5.4326      5.2413      5.2425      5.2411      5.2346      5.2354      5.2366      
2011-12-29     3.1707      3.0317      2.9689      4.4735      3.9026      3.6742      5.4565      4.9996      4.2397      5.8356      5.6954      5.2274      5.4674      5.4599      5.4709      5.4200      5.4241      5.4297      5.2405      5.2422      5.2409      5.2348      5.2354      5.2363      
2011-12-30     3.2642      3.0847      2.9906      4.8418      4.1548      3.7710      5.5751      5.2385      4.3649      5.8702      5.7886      5.2965      5.4701      5.4623      5.4675      5.4217      5.4233      5.4284      5.2403      5.2417      5.2409      5.2355      5.2356      5.2362      
2011-12-31     3.6642      3.2970      3.0977      5.2887      4.4871      3.9229      5.8576      5.4511      4.5231      5.9082      5.8496      5.3651      5.4725      5.4642      5.4645      5.4231      5.4226      5.4274      5.2403      5.2414      5.2410      5.2362      5.2357      5.2362      
