日期           O/N                                 1W                                  2W                                  1M                                  3M                                  6M                                  9M                                  1Y                                  
===========================================================================================================================================
               5日均值     10日均值    20日均值    5日均值     10日均值    20日均值    5日均值     10日均值    20日均值    5日均值     10日均值    20日均值    5日均值     10日均值    20日均值    5日均值     10日均值    20日均值    5日均值     10日均值    20日均值    5日均值     10日均值    20日均值    
2013-01-04     2.6609      2.5240      2.3903      4.1160      3.7460      3.3461      4.4938      4.4057      3.7786      4.6841      4.7179      4.3392      3.8975      3.8906      3.8709      4.1000      4.1000      4.1000      4.2600      4.2599      4.2585      4.4003      4.4003      4.4002      
2013-01-05     2.6611      2.5267      2.3930      4.0974      3.8218      3.3962      4.4118      4.3896      3.8195      4.5979      4.6954      4.3571      3.8988      3.8934      3.8742      4.1000      4.1000      4.1000      4.2600      4.2600      4.2587      4.4003      4.4004      4.4002      
2013-01-06     2.6424      2.4828      2.3909      4.0192      3.8368      3.4320      4.2684      4.3408      3.8480      4.4296      4.6285      4.3649      3.9001      3.8955      3.8774      4.1000      4.1000      4.1000      4.2600      4.2600      4.2589      4.4003      4.4004      4.4002      
2013-01-07     2.6158      2.4560      2.3861      3.8458      3.8172      3.4393      4.0098      4.2561      3.8587      4.2594      4.5434      4.3695      3.9013      3.8975      3.8804      4.1000      4.1000      4.1000      4.2600      4.2600      4.2592      4.4004      4.4004      4.4003      
2013-01-08     2.2716      2.4405      2.3809      3.5598      3.8143      3.4456      3.7144      4.1173      3.8670      4.0776      4.4526      4.3715      3.9020      3.8990      3.8831      4.1000      4.1000      4.1000      4.2600      4.2600      4.2594      4.4004      4.4004      4.4003      
2013-01-09     2.1816      2.4212      2.3737      3.3551      3.7356      3.4465      3.4880      3.9909      3.8680      4.0186      4.3514      4.3677      3.9026      3.9001      3.8857      4.1000      4.1000      4.1000      4.2600      4.2600      4.2596      4.4004      4.4003      4.4003      
2013-01-10     2.1424      2.4017      2.3661      3.1947      3.6461      3.4456      3.2840      3.8479      3.8677      3.9383      4.2681      4.3541      3.9028      3.9008      3.8881      4.1000      4.1000      4.1000      4.2600      4.2600      4.2596      4.4004      4.4003      4.4003      
2013-01-11     2.1234      2.3829      2.3576      3.0239      3.5216      3.4499      3.0866      3.6775      3.8627      3.8899      4.1598      4.3437      3.9031      3.9016      3.8905      4.1000      4.1000      4.1000      4.2600      4.2600      4.2597      4.4003      4.4003      4.4003      
2013-01-14     2.1084      2.3621      2.3487      2.9427      3.3943      3.4396      2.9920      3.5009      3.8535      3.8457      4.0526      4.3313      3.9037      3.9025      3.8929      4.1001      4.1000      4.1000      4.2600      4.2600      4.2598      4.4003      4.4003      4.4003      
2013-01-15     2.1004      2.1860      2.3411      2.8869      3.2234      3.4322      2.9090      3.3117      3.8403      3.7883      3.9330      4.3218      3.9041      3.9030      3.8951      4.1001      4.1000      4.1000      4.2600      4.2600      4.2599      4.4003      4.4003      4.4003      
2013-01-16     2.0932      2.1374      2.3307      2.8396      3.0974      3.4217      2.8612      3.1746      3.7902      3.7444      3.8815      4.2997      3.9040      3.9033      3.8970      4.1003      4.1002      4.1001      4.2600      4.2600      4.2600      4.4003      4.4003      4.4003      
2013-01-17     2.0774      2.1099      2.3183      2.8008      2.9978      3.4098      2.8228      3.0534      3.7215      3.7393      3.8388      4.2671      3.9041      3.9034      3.8984      4.1004      4.1002      4.1001      4.2600      4.2600      4.2600      4.4003      4.4003      4.4003      
2013-01-18     2.0524      2.0879      2.2853      2.8296      2.9268      3.3818      2.8360      2.9613      3.6511      3.7396      3.8148      4.2216      3.9020      3.9026      3.8991      4.1004      4.1002      4.1001      4.2600      4.2600      4.2600      4.4002      4.4003      4.4003      
2013-01-21     2.0284      2.0684      2.2622      2.8690      2.9059      3.3615      2.8484      2.9202      3.5882      3.7179      3.7818      4.1626      3.8981      3.9009      3.8992      4.1004      4.1002      4.1001      4.2600      4.2600      4.2600      4.4002      4.4002      4.4003      
2013-01-22     1.9928      2.0466      2.2436      2.8936      2.8903      3.3523      2.8721      2.8906      3.5039      3.7434      3.7658      4.1092      3.8939      3.8990      3.8990      4.1004      4.1002      4.1001      4.2600      4.2600      4.2600      4.4001      4.4002      4.4003      
2013-01-23     1.9668      2.0300      2.2256      2.9330      2.8863      3.3109      2.9027      2.8820      3.4364      3.7641      3.7542      4.0528      3.8894      3.8967      3.8984      4.1001      4.1002      4.1001      4.2600      4.2600      4.2600      4.4001      4.4002      4.4003      
2013-01-24     1.9743      2.0258      2.2138      2.9368      2.8688      3.2574      2.9299      2.8764      3.3621      3.7883      3.7638      4.0159      3.8849      3.8945      3.8976      4.1000      4.1002      4.1001      4.2600      4.2600      4.2600      4.4000      4.4001      4.4002      
2013-01-25     1.9991      2.0257      2.2043      2.8984      2.8640      3.1928      2.9301      2.8831      3.2803      3.8196      3.7796      3.9697      3.8827      3.8924      3.8970      4.1000      4.1002      4.1001      4.2600      4.2600      4.2600      4.4000      4.4001      4.4002      
2013-01-28     2.0275      2.0279      2.1950      2.8986      2.8838      3.1390      3.0985      2.9735      3.2372      3.8862      3.8021      3.9273      3.8827      3.8904      3.8965      4.1000      4.1002      4.1001      4.2600      4.2600      4.2600      4.4000      4.4001      4.4002      
2013-01-29     2.0621      2.0274      2.1067      2.9197      2.9066      3.0650      3.2472      3.0597      3.1857      3.9196      3.8315      3.8822      3.8834      3.8887      3.8958      4.1000      4.1002      4.1001      4.2600      4.2600      4.2600      4.4000      4.4001      4.4002      
2013-01-30     2.0939      2.0303      2.0839      2.9699      2.9514      3.0244      3.3420      3.1224      3.1485      3.9782      3.8711      3.8763      3.8849      3.8871      3.8952      4.1000      4.1001      4.1001      4.2600      4.2600      4.2600      4.4000      4.4000      4.4002      
2013-01-31     2.1426      2.0584      2.0842      3.0517      2.9942      2.9960      3.4648      3.1974      3.1254      4.0464      3.9173      3.8781      3.8864      3.8857      3.8945      4.1002      4.1001      4.1002      4.2600      4.2600      4.2600      4.4000      4.4000      4.4002      
2013-02-01     2.2569      2.1280      2.1079      3.1801      3.0392      2.9830      3.6042      3.2672      3.1142      4.0946      3.9571      3.8859      3.8874      3.8851      3.8938      4.1002      4.1001      4.1002      4.2600      4.2600      4.2600      4.4000      4.4000      4.4001      
2013-02-04     2.4035      2.2155      2.1419      3.2617      3.0801      2.9930      3.6280      3.3633      3.1417      4.1420      4.0141      3.8980      3.8880      3.8854      3.8931      4.1002      4.1001      4.1002      4.2600      4.2600      4.2600      4.4000      4.4000      4.4001      
2013-02-05     2.6335      2.3478      2.1972      3.3094      3.1145      3.0024      3.7054      3.4763      3.1834      4.1737      4.0467      3.9062      3.8888      3.8861      3.8926      4.1004      4.1002      4.1002      4.2600      4.2600      4.2600      4.4000      4.4000      4.4001      
2013-02-06     2.9327      2.5133      2.2716      3.4014      3.1857      3.0360      3.8484      3.5952      3.2386      4.1774      4.0778      3.9160      3.8899      3.8874      3.8920      4.1004      4.1002      4.1002      4.2600      4.2600      4.2600      4.4000      4.4000      4.4001      
2013-02-07     3.2000      2.6713      2.3486      3.5748      3.3133      3.0910      3.9702      3.7175      3.2969      4.1666      4.1065      3.9351      3.8910      3.8887      3.8916      4.1003      4.1003      4.1002      4.2600      4.2600      4.2600      4.4000      4.4000      4.4001      
2013-02-08     3.2081      2.7325      2.3791      3.6094      3.3948      3.1294      3.9992      3.8017      3.3424      4.1404      4.1175      3.9485      3.8917      3.8896      3.8910      4.1004      4.1003      4.1003      4.2600      4.2600      4.2600      4.4000      4.4000      4.4001      
2013-02-16     3.0375      2.7205      2.3742      3.4956      3.3787      3.1312      3.8812      3.7546      3.3640      4.0698      4.1059      3.9540      3.8926      3.8903      3.8903      4.1003      4.1003      4.1002      4.2600      4.2600      4.2600      4.4000      4.4000      4.4000      
2013-02-17     2.7673      2.7004      2.3639      3.4252      3.3673      3.1370      3.6600      3.6827      3.3712      3.9721      4.0729      3.9522      3.8921      3.8905      3.8896      4.1002      4.1003      4.1002      4.2600      4.2600      4.2600      4.4000      4.4000      4.4000      
2013-02-18     2.4213      2.6770      2.3537      3.2717      3.3366      3.1440      3.3892      3.6188      3.3706      3.8678      4.0226      3.9469      3.8908      3.8903      3.8887      4.1001      4.1003      4.1002      4.2600      4.2600      4.2600      4.4000      4.4000      4.4000      
2013-02-19     2.0659      2.6329      2.3457      3.0415      3.3082      3.1512      3.1490      3.5596      3.3785      3.7295      3.9481      3.9327      3.8884      3.8897      3.8877      4.1001      4.1002      4.1001      4.2600      4.2600      4.2600      4.4000      4.4000      4.4000      
2013-02-20     1.8988      2.5534      2.3407      2.9287      3.2691      3.1541      2.9902      3.4947      3.3809      3.5934      3.8669      3.9120      3.8860      3.8889      3.8870      4.1000      4.1002      4.1001      4.2600      4.2600      4.2600      4.4000      4.4000      4.4000      
2013-02-21     1.9064      2.4719      2.3437      2.9621      3.2289      3.1545      2.9482      3.4147      3.3890      3.4695      3.7696      3.8919      3.8834      3.8880      3.8867      4.1000      4.1002      4.1001      4.2600      4.2600      4.2600      4.4000      4.4000      4.4000      
2013-02-22     1.9666      2.3669      2.3574      2.9831      3.2042      3.1593      2.9680      3.3140      3.3951      3.3917      3.6819      3.8643      3.8815      3.8868      3.8865      4.1001      4.1001      4.1002      4.2600      4.2600      4.2600      4.4000      4.4000      4.4000      
2013-02-25     2.0706      2.2459      2.3796      3.0594      3.1656      3.1756      3.0798      3.2345      3.4148      3.3295      3.5987      3.8382      3.8803      3.8855      3.8865      4.1001      4.1001      4.1002      4.2600      4.2600      4.2600      4.4000      4.4000      4.4000      
2013-02-26     2.4348      2.2503      2.4608      3.2318      3.1367      3.2250      3.3216      3.2353      3.4764      3.5198      3.6247      3.8656      3.8808      3.8846      3.8867      4.1002      4.1001      4.1002      4.2600      4.2600      4.2600      4.4000      4.4000      4.4000      
2013-02-27     2.8452      2.3720      2.5522      3.4870      3.2079      3.3013      3.6860      3.3381      3.5699      3.7237      3.6586      3.8880      3.8821      3.8841      3.8868      4.1004      4.1002      4.1002      4.2600      4.2600      4.2600      4.4000      4.4000      4.4000      
2013-02-28     3.2438      2.5751      2.6478      3.7408      3.3515      3.3651      4.0490      3.4986      3.6266      3.9657      3.7176      3.9117      3.8850      3.8842      3.8872      4.1008      4.1004      4.1003      4.2600      4.2600      4.2600      4.4000      4.4000      4.4000      
2013-03-01     3.6310      2.7988      2.7496      4.0178      3.5005      3.4339      4.4048      3.6864      3.6845      4.2002      3.7959      3.9344      3.8880      3.8848      3.8876      4.1012      4.1006      4.1004      4.2600      4.2600      4.2600      4.4000      4.4000      4.4000      
2013-03-04     3.8125      2.9416      2.8093      4.2184      3.6389      3.4877      4.6156      3.8477      3.7332      4.4021      3.8658      3.9442      3.8904      3.8854      3.8878      4.1012      4.1007      4.1005      4.2600      4.2600      4.2600      4.4000      4.4000      4.4000      
2013-03-05     3.6781      3.0564      2.8447      4.0940      3.6629      3.4855      4.4628      3.8922      3.7259      4.2823      3.9011      3.9246      3.8919      3.8864      3.8880      4.1011      4.1007      4.1004      4.2600      4.2600      4.2600      4.4000      4.4000      4.4000      
2013-03-06     3.4633      3.1543      2.8538      3.8486      3.6678      3.4684      4.1386      3.9123      3.7035      4.1311      3.9274      3.8972      3.8919      3.8870      3.8879      4.1010      4.1007      4.1004      4.2600      4.2600      4.2600      4.4000      4.4000      4.4000      
2013-03-07     3.1583      3.2011      2.8365      3.4990      3.6199      3.4244      3.7730      3.9110      3.6628      3.9398      3.9527      3.8612      3.8897      3.8874      3.8877      4.1006      4.1007      4.1004      4.2600      4.2600      4.2600      4.4000      4.4000      4.4000      
2013-03-08     2.8247      3.2279      2.7974      3.1030      3.5604      3.3823      3.3824      3.8936      3.6038      3.7382      3.9692      3.8255      3.8871      3.8875      3.8872      4.1002      4.1007      4.1004      4.2600      4.2600      4.2600      4.4000      4.4000      4.4000      
2013-03-11     2.6123      3.2124      2.7292      2.8400      3.5292      3.3474      3.0518      3.8337      3.5341      3.5664      3.9843      3.7915      3.8850      3.8877      3.8866      4.1001      4.1007      4.1004      4.2600      4.2600      4.2600      4.4000      4.4000      4.4000      
2013-03-12     2.4277      3.0529      2.6516      2.8162      3.4551      3.2959      2.9078      3.6853      3.4603      3.4732      3.8778      3.7512      3.8831      3.8875      3.8860      4.1001      4.1006      4.1004      4.2600      4.2600      4.2600      4.4000      4.4000      4.4000      
2013-03-13     2.2705      2.8669      2.6195      2.8236      3.3361      3.2720      2.8526      3.4956      3.4168      3.4136      3.7724      3.7155      3.8824      3.8872      3.8856      4.1001      4.1005      4.1004      4.2600      4.2600      4.2600      4.4000      4.4000      4.4000      
2013-03-14     2.1847      2.6715      2.6233      2.9366      3.2178      3.2846      2.8632      3.3181      3.4083      3.3705      3.6552      3.6864      3.8821      3.8859      3.8851      4.1001      4.1004      4.1004      4.2600      4.2600      4.2600      4.4000      4.4000      4.4000      
2013-03-15     2.1039      2.4643      2.6316      3.1155      3.1093      3.3049      2.9172      3.1498      3.4181      3.3404      3.5393      3.6676      3.8826      3.8848      3.8848      4.1001      4.1001      4.1004      4.2600      4.2600      4.2600      4.4000      4.4000      4.4000      
2013-03-18     2.1624      2.3874      2.6645      3.1331      2.9866      3.3127      3.0374      3.0446      3.4461      3.3083      3.4373      3.6516      3.8823      3.8836      3.8845      4.1001      4.1001      4.1004      4.2600      4.2600      4.2600      4.4000      4.4000      4.4000      
2013-03-19     2.1930      2.3104      2.6834      3.1137      2.9650      3.3139      3.1730      3.0404      3.4663      3.2959      3.3845      3.6428      3.8819      3.8825      3.8844      4.1001      4.1001      4.1004      4.2600      4.2600      4.2600      4.4000      4.4000      4.4000      
2013-03-20     2.1888      2.2297      2.6920      3.1623      2.9930      3.3304      3.2904      3.0715      3.4919      3.3481      3.3809      3.6541      3.8813      3.8818      3.8844      4.1001      4.1001      4.1004      4.2600      4.2600      4.2600      4.4000      4.4000      4.4000      
2013-03-21     2.1650      2.1749      2.6880      3.1535      3.0451      3.3325      3.3892      3.1262      3.5186      3.3565      3.3635      3.6581      3.8807      3.8814      3.8844      4.1001      4.1001      4.1004      4.2600      4.2600      4.2600      4.4000      4.4000      4.4000      
2013-03-22     2.1136      2.1088      2.6683      3.0712      3.0934      3.3269      3.5174      3.2173      3.5555      3.3630      3.3517      3.6604      3.8800      3.8813      3.8844      4.1001      4.1001      4.1004      4.2600      4.2600      4.2600      4.4000      4.4000      4.4000      
2013-03-25     1.9456      2.0540      2.6332      3.0386      3.0859      3.3075      3.5176      3.2775      3.5556      3.3704      3.3394      3.6618      3.8800      3.8812      3.8844      4.1001      4.1001      4.1004      4.2600      4.2600      4.2600      4.4000      4.4000      4.4000      
2013-03-26     1.8308      2.0119      2.5324      3.0490      3.0814      3.2682      3.5730      3.3730      3.5292      3.3643      3.3301      3.6039      3.8800      3.8810      3.8842      4.1001      4.1001      4.1004      4.2600      4.2600      4.2600      4.4000      4.4000      4.4000      
2013-03-27     1.7688      1.9788      2.4229      2.9632      3.0628      3.1994      3.6576      3.4740      3.4848      3.3015      3.3248      3.5486      3.8802      3.8807      3.8839      4.1000      4.1001      4.1003      4.2600      4.2600      4.2600      4.4000      4.4000      4.4000      
2013-03-28     1.7312      1.9481      2.3098      2.9906      3.0721      3.1449      3.7106      3.5499      3.4340      3.2997      3.3281      3.4916      3.8806      3.8807      3.8833      4.1000      4.1001      4.1002      4.2600      4.2600      4.2600      4.4000      4.4000      4.4000      
2013-03-29     1.9066      2.0101      2.2372      3.0736      3.0724      3.0908      3.6458      3.5816      3.3657      3.3148      3.3389      3.4391      3.8807      3.8804      3.8826      4.1000      4.1001      4.1001      4.2600      4.2600      4.2600      4.4000      4.4000      4.4000      
2013-04-01     1.9681      1.9569      2.1721      3.1698      3.1042      3.0454      3.6588      3.5882      3.3164      3.3419      3.3562      3.3967      3.8807      3.8804      3.8820      4.1000      4.1000      4.1001      4.2600      4.2600      4.2600      4.4000      4.4000      4.4000      
2013-04-02     2.0371      1.9340      2.1222      3.2462      3.1476      3.0563      3.6168      3.5949      3.3177      3.3773      3.3708      3.3777      3.8808      3.8804      3.8814      4.1000      4.1000      4.1001      4.2600      4.2600      4.2600      4.4000      4.4000      4.4000      
2013-04-03     2.1075      1.9382      2.0839      3.3358      3.1495      3.0712      3.5280      3.5928      3.3322      3.3923      3.3469      3.3639      3.8806      3.8804      3.8811      4.1000      4.1000      4.1001      4.2600      4.2600      4.2600      4.4000      4.4000      4.4000      
2013-04-07     2.1641      1.9477      2.0613      3.3650      3.1778      3.1114      3.4162      3.5634      3.3448      3.3883      3.3440      3.3537      3.8806      3.8806      3.8810      4.1000      4.1000      4.1001      4.2600      4.2600      4.2600      4.4000      4.4000      4.4000      
2013-04-08     2.0635      1.9850      2.0469      3.3420      3.2078      3.1506      3.3486      3.4972      3.3573      3.3696      3.3422      3.3469      3.8809      3.8808      3.8810      4.1000      4.1000      4.1001      4.2600      4.2600      4.2600      4.4000      4.4000      4.4000      
2013-04-09     2.0932      2.0306      2.0423      3.3188      3.2443      3.1651      3.2839      3.4713      3.3744      3.3380      3.3399      3.3396      3.8810      3.8809      3.8810      4.1000      4.1000      4.1000      4.2600      4.2600      4.2600      4.4000      4.4000      4.4000      
2013-04-10     2.1141      2.0756      2.0437      3.2808      3.2635      3.1724      3.2331      3.4249      3.3990      3.3137      3.3455      3.3378      3.8813      3.8810      3.8810      4.1000      4.1000      4.1000      4.2600      4.2600      4.2600      4.4000      4.4000      4.4000      
2013-04-11     2.1088      2.1082      2.0435      3.2284      3.2821      3.1724      3.1725      3.3502      3.4121      3.2969      3.3446      3.3347      3.8813      3.8810      3.8808      4.1000      4.1000      4.1000      4.2600      4.2600      4.2600      4.4000      4.4000      4.4000      
2013-04-12     2.1070      2.1356      2.0418      3.1578      3.2614      3.1667      3.1421      3.2791      3.4145      3.2779      3.3331      3.3306      3.8811      3.8809      3.8808      4.1000      4.1000      4.1000      4.2600      4.2600      4.2600      4.4000      4.4000      4.4000      
2013-04-15     2.0815      2.0725      2.0413      3.0982      3.2201      3.1463      3.1305      3.2395      3.4106      3.2592      3.3144      3.3266      3.8808      3.8808      3.8806      4.1000      4.1000      4.1000      4.2600      4.2600      4.2600      4.4000      4.4000      4.4000      
2013-04-16     2.0569      2.0750      2.0159      3.0494      3.1841      3.1442      3.1240      3.2039      3.3961      3.2558      3.2969      3.3265      3.8806      3.8808      3.8806      4.1000      4.1000      4.1000      4.2600      4.2600      4.2600      4.4000      4.4000      4.4000      
2013-04-17     2.0350      2.0745      2.0042      3.0086      3.1447      3.1462      3.1044      3.1687      3.3818      3.2556      3.2847      3.3277      3.8803      3.8808      3.8806      4.1000      4.1000      4.1000      4.2600      4.2600      4.2600      4.4000      4.4000      4.4000      
2013-04-18     2.0632      2.0860      2.0121      2.9806      3.1045      3.1270      3.1548      3.1636      3.3782      3.2692      3.2831      3.3150      3.8803      3.8808      3.8806      4.1000      4.1000      4.1000      4.2600      4.2600      4.2600      4.4000      4.4000      4.4000      
2013-04-19     2.1590      2.1330      2.0403      3.0036      3.0807      3.1293      3.2272      3.1846      3.3740      3.3814      3.3297      3.3368      3.8805      3.8808      3.8807      4.1000      4.1000      4.1000      4.2600      4.2600      4.2600      4.4000      4.4000      4.4000      
2013-04-22     2.2758      2.1786      2.0818      3.0320      3.0651      3.1365      3.3296      3.2300      3.3636      3.5607      3.4099      3.3760      3.8810      3.8809      3.8808      4.1000      4.1000      4.1000      4.2600      4.2600      4.2600      4.4000      4.4000      4.4000      
2013-04-23     2.4664      2.2616      2.1461      3.1372      3.0933      3.1688      3.5410      3.3325      3.4019      3.7694      3.5126      3.4263      3.8818      3.8812      3.8810      4.1000      4.1000      4.1000      4.2600      4.2600      4.2600      4.4000      4.4000      4.4000      
2013-04-24     2.8758      2.4554      2.2655      3.4854      3.2470      3.2553      3.8486      3.4765      3.4507      4.0424      3.6490      3.4973      3.8825      3.8814      3.8812      4.1000      4.1000      4.1000      4.2600      4.2600      4.2600      4.4000      4.4000      4.4000      
2013-04-25     3.2924      2.6778      2.3930      3.9106      3.4456      3.3639      4.1310      3.6429      3.4966      4.2340      3.7516      3.5481      3.8836      3.8819      3.8814      4.1000      4.1000      4.1000      4.2600      4.2600      4.2600      4.4000      4.4000      4.4000      
2013-04-26     3.3918      2.7754      2.4555      3.9990      3.5013      3.3814      4.2344      3.7308      3.5050      4.2546      3.8180      3.5756      3.8842      3.8823      3.8816      4.1000      4.1000      4.1000      4.2600      4.2600      4.2600      4.4000      4.4000      4.4000      
2013-04-27     3.4676      2.8717      2.4721      4.0784      3.5552      3.3877      4.2310      3.7803      3.5099      4.1498      3.8552      3.5848      3.8840      3.8825      3.8817      4.1000      4.1000      4.1000      4.2600      4.2600      4.2600      4.4000      4.4000      4.4000      
2013-04-28     3.4396      2.9530      2.5140      3.9704      3.5538      3.3690      4.0570      3.7990      3.5015      3.9776      3.8735      3.5852      3.8836      3.8827      3.8818      4.1000      4.1000      4.1000      4.2600      4.2600      4.2600      4.4000      4.4000      4.4000      
2013-05-02     3.1874      3.0316      2.5531      3.6034      3.5444      3.3446      3.7318      3.7902      3.4795      3.7042      3.8733      3.5790      3.8834      3.8830      3.8819      4.1000      4.1000      4.1000      4.2600      4.2600      4.2600      4.4000      4.4000      4.4000      
2013-05-03     2.9292      3.1108      2.5984      3.2466      3.5786      3.3416      3.3616      3.7463      3.4550      3.4920      3.8630      3.5730      3.8826      3.8831      3.8819      4.1000      4.1000      4.1000      4.2600      4.2600      4.2600      4.4000      4.4000      4.4000      
2013-05-06     2.8852      3.1385      2.6358      3.1854      3.5922      3.3365      3.1716      3.7030      3.4438      3.3586      3.8066      3.5681      3.8819      3.8831      3.8819      4.1000      4.1000      4.1000      4.2600      4.2600      4.2600      4.4000      4.4000      4.4000      
2013-05-07     2.7540      3.1108      2.6447      3.1166      3.5975      3.3313      3.0928      3.6619      3.4460      3.2916      3.7207      3.5653      3.8817      3.8829      3.8819      4.1000      4.1000      4.1000      4.2600      4.2600      4.2600      4.4000      4.4000      4.4000      
2013-05-08     2.6100      3.0248      2.6432      3.1074      3.5389      3.3161      3.0574      3.5572      3.4449      3.2545      3.6161      3.5643      3.8813      3.8825      3.8818      4.1000      4.1000      4.1000      4.2600      4.2600      4.2600      4.4000      4.4000      4.4000      
2013-05-09     2.4720      2.8297      2.6425      3.1448      3.3741      3.3106      3.0754      3.4036      3.4401      3.2490      3.4766      3.5628      3.8808      3.8821      3.8818      4.1000      4.1000      4.1000      4.2600      4.2600      4.2600      4.4000      4.4000      4.4000      
2013-05-10     2.3000      2.6146      2.6462      3.0916      3.1691      3.3074      3.0741      3.2179      3.4304      3.2572      3.3746      3.5631      3.8805      3.8816      3.8817      4.1000      4.1000      4.1000      4.2600      4.2600      4.2600      4.4000      4.4000      4.4000      
2013-05-13     2.1755      2.5303      2.6529      3.0276      3.1065      3.3039      3.0679      3.1198      3.4253      3.2742      3.3164      3.5672      3.8803      3.8811      3.8817      4.1000      4.1000      4.1000      4.2600      4.2600      4.2600      4.4000      4.4000      4.4000      
2013-05-14     2.1515      2.4527      2.6622      2.9472      3.0319      3.2936      3.0317      3.0623      3.4213      3.2862      3.2889      3.5721      3.8802      3.8810      3.8817      4.1000      4.1000      4.1000      4.2600      4.2600      4.2600      4.4000      4.4000      4.4000      
2013-05-15     2.1784      2.3942      2.6736      2.9038      3.0056      3.2797      2.9997      3.0286      3.4138      3.2855      3.2700      3.5718      3.8802      3.8808      3.8817      4.1000      4.1000      4.1000      4.2600      4.2600      4.2600      4.4000      4.4000      4.4000      
2013-05-16     2.2968      2.3844      2.7080      2.9210      3.0329      3.2887      3.0157      3.0456      3.4179      3.3110      3.2800      3.5767      3.8803      3.8805      3.8817      4.1000      4.1000      4.1000      4.2600      4.2600      4.2600      4.4000      4.4000      4.4000      
2013-05-17     2.4375      2.3688      2.7398      3.0440      3.0678      3.3232      3.0864      3.0803      3.4133      3.4496      3.3534      3.6082      3.8807      3.8806      3.8818      4.1000      4.1000      4.1000      4.2600      4.2600      4.2600      4.4000      4.4000      4.4000      
2013-05-20     2.5975      2.3865      2.7625      3.3098      3.1687      3.3804      3.3232      3.1956      3.4493      3.6894      3.4818      3.6442      3.8813      3.8808      3.8819      4.1000      4.1000      4.1000      4.2600      4.2600      4.2600      4.4000      4.4000      4.4000      
2013-05-21     2.8215      2.4865      2.7986      3.6300      3.2886      3.4430      3.6062      3.3190      3.4904      3.9298      3.6080      3.6644      3.8819      3.8811      3.8820      4.1000      4.1000      4.1000      4.2600      4.2600      4.2600      4.4000      4.4000      4.4000      
2013-05-22     3.0574      2.6179      2.8213      3.8670      3.3854      3.4621      3.9280      3.4639      3.5105      4.1704      3.7280      3.6720      3.8829      3.8816      3.8820      4.1000      4.1000      4.1000      4.2600      4.2600      4.2600      4.4000      4.4000      4.4000      
2013-05-23     3.2532      2.7750      2.8023      4.0670      3.4940      3.4340      4.2458      3.6308      3.5172      4.4174      3.8642      3.6704      3.8837      3.8820      3.8821      4.1000      4.1000      4.1000      4.2600      4.2600      4.2600      4.4000      4.4000      4.4000      
2013-05-24     3.3852      2.9114      2.7630      4.1800      3.6120      3.3905      4.4240      3.7552      3.4865      4.5430      3.9963      3.6855      3.8840      3.8824      3.8820      4.1000      4.1000      4.1000      4.2600      4.2600      4.2600      4.4000      4.4000      4.4000      
2013-05-27     3.5058      3.0516      2.7910      4.1500      3.7299      3.4182      4.3502      3.8367      3.4782      4.5178      4.1036      3.7100      3.8841      3.8827      3.8819      4.1000      4.1000      4.1000      4.2600      4.2600      4.2600      4.4000      4.4000      4.4000      
2013-05-28     3.5038      3.1626      2.8077      3.9756      3.8028      3.4173      4.2123      3.9093      3.4858      4.4445      4.1872      3.7380      3.8844      3.8832      3.8821      4.1000      4.1000      4.1000      4.2600      4.2600      4.2600      4.4000      4.4000      4.4000      
2013-05-29     3.4290      3.2432      2.8187      3.9192      3.8931      3.4493      4.0705      3.9993      3.5139      4.2893      4.2299      3.7499      3.8838      3.8833      3.8821      4.1000      4.1000      4.1000      4.2600      4.2600      4.2600      4.4000      4.4000      4.4000      
2013-05-30     3.3708      3.3120      2.8482      3.9096      3.9883      3.5106      3.9209      4.0834      3.5645      4.1123      4.2649      3.7724      3.8832      3.8835      3.8820      4.1000      4.1000      4.1000      4.2600      4.2600      4.2600      4.4000      4.4000      4.4000      
2013-05-31     3.5702      3.4777      2.9232      4.0356      4.1078      3.5878      4.0209      4.2225      3.6514      3.9965      4.2698      3.8116      3.8828      3.8834      3.8820      4.1000      4.1000      4.1000      4.2600      4.2600      4.2600      4.4000      4.4000      4.4000      
2013-06-03     3.7780      3.6419      3.0142      4.1452      4.1476      3.6581      4.2103      4.2803      3.7379      4.0185      4.2682      3.8750      3.8828      3.8835      3.8821      4.1000      4.1000      4.1000      4.2600      4.2600      4.2600      4.4000      4.4000      4.4000      
2013-06-04     4.0114      3.7576      3.1220      4.3878      4.1817      3.7351      4.4330      4.3227      3.8208      4.0655      4.2550      3.9315      3.8826      3.8835      3.8823      4.1000      4.1000      4.1000      4.2600      4.2600      4.2600      4.4000      4.4000      4.4000      
2013-06-05     4.3260      3.8775      3.2477      4.6016      4.2604      3.8229      4.6476      4.3591      3.9115      4.2319      4.2606      3.9943      3.8829      3.8833      3.8825      4.1000      4.1000      4.1000      4.2600      4.2600      4.2600      4.4000      4.4000      4.4000      
2013-06-06     4.8444      4.1076      3.4413      4.8002      4.3549      3.9244      4.8918      4.4064      4.0186      4.4999      4.3061      4.0852      3.8853      3.8843      3.8831      4.1000      4.1000      4.1000      4.2600      4.2600      4.2600      4.4000      4.4000      4.4000      
2013-06-07     5.6030      4.5866      3.7490      5.1754      4.6055      4.1087      5.4922      4.7566      4.2559      4.9650      4.4808      4.2385      4.0237      3.9533      3.9178      4.1000      4.1000      4.1000      4.2600      4.2600      4.2600      4.4000      4.4000      4.4000      
2013-06-08     6.5994      5.1887      4.1202      5.7704      4.9578      4.3438      6.1720      5.1912      4.5139      5.3940      4.7063      4.4049      4.2686      4.0757      3.9792      4.1000      4.1000      4.1000      4.2600      4.2600      4.2600      4.4000      4.4000      4.4000      
2013-06-09     7.1940      5.6027      4.3827      6.1496      5.2687      4.5357      6.8004      5.6167      4.7630      5.8801      4.9728      4.5800      4.5209      4.2018      4.0425      4.1000      4.1000      4.1000      4.2600      4.2600      4.2600      4.4000      4.4000      4.4000      
2013-06-13     7.6076      5.9668      4.6050      6.4178      5.5097      4.7014      7.2284      5.9380      4.9686      6.3701      5.3010      4.7654      4.7852      4.3340      4.1087      4.1000      4.1000      4.1000      4.2600      4.2600      4.2600      4.4000      4.4000      4.4000      
2013-06-14     7.8048      6.3246      4.8183      6.7526      5.7764      4.8823      7.6844      6.2881      5.1857      6.7941      5.6470      4.9559      5.0644      4.4749      4.1792      4.1000      4.1000      4.1000      4.2600      4.2600      4.2600      4.4000      4.4000      4.4000      
2013-06-17     7.1086      6.3558      4.9168      6.7908      5.9831      5.0455      7.3252      6.4087      5.3156      6.9822      5.9736      5.1217      5.2134      4.6186      4.2510      4.1000      4.1000      4.1000      4.2600      4.2600      4.2600      4.4000      4.4000      4.4000      
2013-06-18     6.3116      6.4555      5.0487      6.6108      6.1906      5.1691      6.8278      6.4999      5.3901      7.0886      6.2413      5.2547      5.2576      4.7631      4.3233      4.1005      4.1003      4.1001      4.2602      4.2601      4.2601      4.4000      4.4000      4.4000      
2013-06-19     6.3456      6.7698      5.2637      6.9034      6.5265      5.3541      6.8056      6.8030      5.5628      7.2494      6.5648      5.4099      5.3102      4.9156      4.3995      4.1012      4.1006      4.1003      4.2604      4.2602      4.2601      4.4000      4.4000      4.4000      
2013-06-20     7.6962      7.6519      5.7647      7.8882      7.1530      5.7067      6.9218      7.0751      5.7171      7.7368      7.0535      5.6570      5.4298      5.1075      4.4954      4.1297      4.1148      4.1074      4.2619      4.2610      4.2605      4.4001      4.4001      4.4000      
2013-06-21     8.0010      7.9029      6.0053      8.2346      7.4936      5.9243      7.1306      7.4075      5.9069      8.2344      7.5143      5.9102      5.5298      5.2971      4.5907      4.1615      4.1308      4.1154      4.2668      4.2634      4.2617      4.4032      4.4016      4.4008      
2013-06-24     8.3362      7.7224      6.1545      8.3272      7.5590      6.0823      7.3596      7.3424      6.0495      8.2490      7.6156      6.0482      5.6108      5.4121      4.6827      4.1905      4.1453      4.1226      4.2719      4.2660      4.2630      4.4074      4.4037      4.4019      
2013-06-25     8.3642      7.3379      6.2633      8.5154      7.5631      6.2605      7.5722      7.2000      6.1956      8.4970      7.7928      6.2495      5.6732      5.4654      4.7706      4.2210      4.1608      4.1304      4.2802      4.2702      4.2651      4.4133      4.4067      4.4033      
2013-06-26     7.9428      7.1442      6.3735      8.3406      7.6220      6.4454      7.4250      7.1153      6.3660      8.6830      7.9662      6.4695      5.7080      5.5091      4.8554      4.2492      4.1752      4.1376      4.2866      4.2735      4.2668      4.4176      4.4088      4.4044      
2013-06-27     6.3662      7.0312      6.4990      7.4766      7.6824      6.5961      7.2398      7.0808      6.5094      8.4800      8.1084      6.7047      5.6552      5.5425      4.9383      4.2492      4.1895      4.1447      4.2911      4.2765      4.2683      4.4215      4.4108      4.4054      
2013-06-28     5.6560      6.8285      6.5766      7.0006      7.6176      6.6970      6.7928      6.9617      6.6249      8.0104      8.1224      6.8847      5.5850      5.5574      5.0161      4.2456      4.2036      4.1518      4.2915      4.2791      4.2696      4.4213      4.4123      4.4061      
2013-07-01     5.2494      6.7928      6.5743      6.6230      7.4751      6.7291      6.5830      6.9713      6.6900      7.9154      8.0822      7.0279      5.4992      5.5550      5.0868      4.2444      4.2175      4.1587      4.2908      4.2813      4.2707      4.4196      4.4135      4.4068      
2013-07-02     4.8594      6.6118      6.5337      6.0442      7.2798      6.7352      6.2432      6.9077      6.7038      7.3918      7.9444      7.0929      5.4132      5.5432      5.1532      4.2403      4.2306      4.1655      4.2864      4.2833      4.2717      4.4151      4.4142      4.4071      
2013-07-03     4.4288      6.1858      6.4778      5.4524      6.8965      6.7115      5.7542      6.5896      6.6963      6.7228      7.7029      7.1338      5.3264      5.5172      5.2164      4.2374      4.2433      4.1720      4.2837      4.2852      4.2727      4.4113      4.4144      4.4072      
2013-07-04     3.9862      5.1762      6.4141      4.9032      6.1899      6.6715      5.3134      6.2766      6.6759      6.0664      7.2732      7.1633      5.2244      5.4398      5.2736      4.2347      4.2419      4.1784      4.2813      4.2862      4.2736      4.4073      4.4144      4.4072      
2013-07-05     3.6740      4.6650      6.2840      4.4338      5.7172      6.6054      4.9062      5.8495      6.6285      5.5541      6.7823      7.1483      5.1244      5.3547      5.3259      4.2319      4.2388      4.1848      4.2790      4.2852      4.2743      4.4043      4.4128      4.4072      
2013-07-08     3.4340      4.3417      6.0321      4.0804      5.3517      6.4554      4.4354      5.5092      6.4258      5.0381      6.4768      7.0462      5.0242      5.2617      5.3369      4.2288      4.2366      4.1909      4.2774      4.2841      4.2750      4.4018      4.4107      4.4072      
2013-07-09     3.3266      4.0930      5.7155      3.8496      4.9469      6.2550      4.1414      5.1923      6.1962      4.7377      6.0648      6.9288      4.9266      5.1699      5.3177      4.2263      4.2333      4.1970      4.2756      4.2810      4.2756      4.4004      4.4078      4.4072      
2013-07-10     3.2968      3.8628      5.5035      3.7192      4.5858      6.1039      3.9798      4.8670      5.9912      4.5515      5.6372      6.8017      4.8378      5.0821      5.2956      4.2243      4.2308      4.2030      4.2739      4.2788      4.2762      4.4000      4.4056      4.4072      
2013-07-11     3.2981      3.6422      5.3367      3.6936      4.2984      5.9904      3.8682      4.5908      5.8358      4.4013      5.2339      6.6711      4.7711      4.9978      5.2701      4.2225      4.2286      4.2090      4.2724      4.2769      4.2767      4.4000      4.4037      4.4072      
2013-07-12     3.2821      3.4781      5.1533      3.6904      4.0621      5.8399      3.7948      4.3505      5.6561      4.2692      4.9117      6.5170      4.7215      4.9230      5.2402      4.2208      4.2264      4.2150      4.2715      4.2753      4.2772      4.4000      4.4022      4.4072      
2013-07-15     3.2909      3.3625      5.0776      3.7210      3.9007      5.6879      3.8456      4.1405      5.5559      4.2633      4.6507      6.3665      4.6984      4.8613      5.2082      4.2198      4.2243      4.2209      4.2707      4.2741      4.2777      4.4000      4.4009      4.4072      
2013-07-16     3.2437      3.2852      4.9485      3.7430      3.7963      5.5381      3.9248      4.0331      5.4704      4.2885      4.5131      6.2288      4.6879      4.8072      5.1752      4.2190      4.2226      4.2266      4.2703      4.2730      4.2782      4.4000      4.4002      4.4072      
2013-07-17     3.1871      3.2420      4.7139      3.7442      3.7317      5.3141      3.9532      3.9665      5.2781      4.3407      4.4461      6.0745      4.6795      4.7586      5.1379      4.2183      4.2213      4.2323      4.2702      4.2720      4.2786      4.4000      4.4000      4.4072      
2013-07-18     3.1158      3.2070      4.1916      3.7090      3.7013      4.9456      3.9712      3.9197      5.0982      4.3925      4.3969      5.8351      4.6719      4.7215      5.0807      4.2178      4.2201      4.2310      4.2701      4.2713      4.2787      4.4000      4.4000      4.4072      
2013-07-19     3.0638      3.1730      3.9190      3.6980      3.6942      4.7057      3.9970      3.8959      4.8727      4.5007      4.3850      5.5836      4.6642      4.6929      5.0238      4.2175      4.2191      4.2290      4.2700      4.2708      4.2780      4.4000      4.4000      4.4064      
2013-07-22     3.0245      3.1577      3.7497      3.7212      3.7211      4.5364      4.0288      3.9372      4.7232      4.6078      4.4356      5.4562      4.6588      4.6786      4.9702      4.2172      4.2185      4.2276      4.2700      4.2704      4.2772      4.4000      4.4000      4.4054      
2013-07-23     3.0490      3.1464      3.6197      3.7718      3.7574      4.3522      4.0508      3.9878      4.5901      4.7210      4.5048      5.2848      4.6551      4.6715      4.9207      4.2172      4.2181      4.2257      4.2700      4.2702      4.2756      4.4000      4.4000      4.4039      
2013-07-24     3.1014      3.1443      3.5035      3.8548      3.7995      4.1927      4.0786      4.0159      4.4415      4.8736      4.6072      5.1222      4.6549      4.6672      4.8746      4.2176      4.2180      4.2244      4.2700      4.2701      4.2744      4.4000      4.4000      4.4028      
2013-07-25     3.1717      3.1437      3.3930      3.9544      3.8317      4.0651      4.1310      4.0511      4.3210      5.0452      4.7189      4.9764      4.6554      4.6636      4.8307      4.2179      4.2178      4.2232      4.2700      4.2701      4.2735      4.4000      4.4000      4.4018      
2013-07-26     3.2737      3.1687      3.3234      4.0756      3.8868      3.9745      4.2436      4.1203      4.2354      5.2558      4.8783      4.8950      4.6583      4.6612      4.7921      4.2182      4.2178      4.2221      4.2700      4.2700      4.2726      4.4000      4.4000      4.4011      
2013-07-29     3.3936      3.2091      3.2858      4.3020      4.0116      3.9562      4.5238      4.2763      4.2084      5.4922      5.0500      4.8504      4.6622      4.6605      4.7609      4.2187      4.2180      4.2211      4.2700      4.2700      4.2720      4.4000      4.4000      4.4005      
2013-07-30     3.4947      3.2719      3.2785      4.5046      4.1382      3.9673      4.7698      4.4103      4.2217      5.6720      5.1965      4.8548      4.6652      4.6602      4.7337      4.2193      4.2183      4.2204      4.2700      4.2700      4.2715      4.4000      4.4000      4.4001      
2013-07-31     3.5885      3.3450      3.2935      4.6966      4.2757      4.0037      5.0342      4.5564      4.2615      5.6814      5.2775      4.8618      4.6659      4.6604      4.7095      4.2195      4.2186      4.2199      4.2700      4.2700      4.2710      4.4000      4.4000      4.4000      
2013-08-01     3.6284      3.4001      3.3035      4.7792      4.3668      4.0341      5.2546      4.6928      4.3063      5.5570      5.3011      4.8490      4.6666      4.6610      4.6912      4.2197      4.2188      4.2195      4.2700      4.2700      4.2706      4.4000      4.4000      4.4000      
2013-08-02     3.5692      3.4214      3.2972      4.7718      4.4237      4.0590      5.2406      4.7421      4.3190      5.3410      5.2984      4.8417      4.6651      4.6617      4.6773      4.2199      4.2190      4.2191      4.2700      4.2700      4.2704      4.4000      4.4000      4.4000      
2013-08-05     3.4486      3.4211      3.2894      4.6316      4.4668      4.0940      5.0026      4.7632      4.3502      5.0584      5.2753      4.8554      4.6619      4.6620      4.6703      4.2198      4.2193      4.2189      4.2700      4.2700      4.2702      4.4000      4.4000      4.4000      
2013-08-06     3.3404      3.4175      3.2819      4.4504      4.4775      4.1175      4.8444      4.8071      4.3975      4.8007      5.2364      4.8706      4.6593      4.6622      4.6669      4.2196      4.2195      4.2188      4.2700      4.2700      4.2701      4.4000      4.4000      4.4000      
2013-08-07     3.2207      3.4046      3.2744      4.2308      4.4637      4.1316      4.6260      4.8301      4.4230      4.6487      5.1651      4.8861      4.6567      4.6613      4.6642      4.2196      4.2196      4.2188      4.2700      4.2700      4.2701      4.4000      4.4000      4.4000      
2013-08-08     3.1437      3.3861      3.2649      4.0735      4.4264      4.1290      4.4380      4.8463      4.4487      4.5985      5.0778      4.8983      4.6540      4.6603      4.6620      4.2197      4.2197      4.2188      4.2700      4.2700      4.2700      4.4000      4.4000      4.4000      
2013-08-09     3.0757      3.3225      3.2456      3.9387      4.3553      4.1210      4.3880      4.8143      4.4673      4.5771      4.9591      4.9187      4.6522      4.6586      4.6599      4.2197      4.2198      4.2188      4.2700      4.2700      4.2700      4.4000      4.4000      4.4000      
2013-08-12     3.0486      3.2486      3.2288      3.7971      4.2144      4.1130      4.3596      4.6811      4.4787      4.5621      4.8103      4.9301      4.6512      4.6565      4.6585      4.2197      4.2198      4.2189      4.2700      4.2700      4.2700      4.4000      4.4000      4.4000      
2013-08-13     3.0737      3.2070      3.2394      3.7243      4.0874      4.1128      4.2818      4.5631      4.4867      4.5468      4.6738      4.9351      4.6504      4.6548      4.6575      4.2198      4.2197      4.2190      4.2700      4.2700      4.2700      4.4000      4.4000      4.4000      
2013-08-14     3.1406      3.1806      3.2628      3.7207      3.9758      4.1257      4.2416      4.4338      4.4951      4.5318      4.5903      4.9339      4.6501      4.6534      4.6569      4.2198      4.2197      4.2191      4.2700      4.2700      4.2700      4.4000      4.4000      4.4000      
2013-08-15     3.1644      3.1540      3.2770      3.7678      3.9207      4.1437      4.1814      4.3097      4.5013      4.5162      4.5574      4.9292      4.6501      4.6521      4.6565      4.2198      4.2198      4.2193      4.2700      4.2700      4.2700      4.4000      4.4000      4.4000      
2013-08-16     3.2234      3.1495      3.2855      3.7942      3.8665      4.1451      4.0860      4.2370      4.4896      4.5212      4.5492      4.9238      4.6501      4.6511      4.6564      4.2198      4.2198      4.2194      4.2700      4.2700      4.2700      4.4000      4.4000      4.4000      
2013-08-19     3.3111      3.1798      3.3005      3.8830      3.8401      4.1534      4.2836      4.3216      4.5424      4.6062      4.5842      4.9297      4.6516      4.6514      4.6567      4.2198      4.2198      4.2195      4.2700      4.2700      4.2700      4.4000      4.4000      4.4000      
2013-08-20     3.4368      3.2552      3.3364      4.0282      3.8763      4.1769      4.5450      4.4134      4.6103      4.7450      4.6459      4.9411      4.6543      4.6523      4.6573      4.2198      4.2198      4.2196      4.2700      4.2700      4.2700      4.4000      4.4000      4.4000      
2013-08-21     3.4532      3.2969      3.3507      4.1010      3.9109      4.1873      4.7930      4.5173      4.6737      4.8520      4.6919      4.9285      4.6559      4.6530      4.6571      4.2198      4.2198      4.2197      4.2700      4.2700      4.2700      4.4000      4.4000      4.4000      
2013-08-22     3.4680      3.3162      3.3511      4.1252      3.9465      4.1864      4.9784      4.5799      4.7131      4.9422      4.7292      4.9035      4.6582      4.6542      4.6572      4.2198      4.2198      4.2198      4.2700      4.2700      4.2700      4.4000      4.4000      4.4000      
2013-08-23     3.4792      3.3513      3.3369      4.2006      3.9974      4.1763      5.2480      4.6670      4.7407      5.0334      4.7773      4.8682      4.6606      4.6553      4.6570      4.2198      4.2198      4.2198      4.2700      4.2700      4.2700      4.4000      4.4000      4.4000      
2013-08-26     3.4060      3.3585      3.3036      4.1868      4.0349      4.1246      5.2560      4.7698      4.7255      5.0498      4.8280      4.8191      4.6615      4.6565      4.6565      4.2198      4.2198      4.2198      4.2700      4.2700      4.2700      4.4000      4.4000      4.4000      
2013-08-27     3.2364      3.3366      3.2718      4.1430      4.0856      4.0865      5.2390      4.8920      4.7276      5.0010      4.8730      4.7734      4.6610      4.6576      4.6562      4.2198      4.2198      4.2198      4.2700      4.2700      4.2700      4.4000      4.4000      4.4000      
2013-08-28     3.1526      3.3029      3.2418      4.1510      4.1260      4.0509      5.1620      4.9775      4.7057      4.9788      4.9154      4.7528      4.6611      4.6585      4.6559      4.2198      4.2198      4.2198      4.2701      4.2700      4.2700      4.4000      4.4000      4.4000      
2013-08-29     3.0726      3.2703      3.2122      4.1916      4.1584      4.0395      5.0328      5.0056      4.6577      4.9658      4.9540      4.7557      4.6603      4.6593      4.6557      4.2198      4.2198      4.2198      4.2701      4.2701      4.2700      4.4000      4.4000      4.4000      
2013-08-30     3.0264      3.2528      3.2012      4.1089      4.1548      4.0106      4.8608      5.0544      4.6457      4.9236      4.9785      4.7638      4.6593      4.6600      4.6555      4.2198      4.2198      4.2198      4.2701      4.2701      4.2700      4.4000      4.4000      4.4000      
2013-09-02     3.0228      3.2144      3.1971      4.0527      4.1198      3.9799      4.6516      4.9538      4.6377      4.8422      4.9460      4.7651      4.6582      4.6598      4.6556      4.2198      4.2198      4.2198      4.2701      4.2701      4.2700      4.4000      4.4000      4.4000      
2013-09-03     3.0217      3.1290      3.1921      3.9609      4.0520      3.9641      4.3278      4.7834      4.5984      4.7520      4.8765      4.7612      4.6571      4.6591      4.6557      4.2198      4.2198      4.2198      4.2701      4.2701      4.2700      4.4000      4.4000      4.4000      
2013-09-04     3.0031      3.0778      3.1874      3.8087      3.9799      3.9454      4.0742      4.6181      4.5677      4.6824      4.8306      4.7613      4.6567      4.6589      4.6560      4.2198      4.2198      4.2198      4.2701      4.2701      4.2700      4.4000      4.4000      4.4000      
2013-09-05     2.9897      3.0311      3.1737      3.6363      3.9140      3.9302      3.9352      4.4840      4.5320      4.6166      4.7912      4.7602      4.6565      4.6584      4.6563      4.2198      4.2198      4.2198      4.2701      4.2701      4.2701      4.4000      4.4000      4.4000      
2013-09-06     2.9729      2.9996      3.1755      3.5830      3.8460      3.9217      3.8162      4.3385      4.5028      4.5524      4.7380      4.7577      4.6565      4.6579      4.6566      4.2198      4.2198      4.2198      4.2701      4.2701      4.2701      4.4000      4.4000      4.4000      
2013-09-09     2.9531      2.9879      3.1732      3.5454      3.7991      3.9170      3.7290      4.1903      4.4801      4.5520      4.6971      4.7626      4.6565      4.6574      4.6569      4.2198      4.2198      4.2198      4.2701      4.2701      4.2701      4.4000      4.4000      4.4000      
2013-09-10     2.9321      2.9769      3.1567      3.5204      3.7407      3.9131      3.7256      4.0267      4.4594      4.6198      4.6859      4.7795      4.6564      4.6568      4.6572      4.2198      4.2198      4.2198      4.2701      4.2701      4.2701      4.4000      4.4000      4.4000      
2013-09-11     2.9339      2.9685      3.1357      3.5172      3.6630      3.8945      3.7296      3.9019      4.4397      4.7312      4.7068      4.8111      4.6562      4.6565      4.6575      4.2198      4.2198      4.2198      4.2701      4.2701      4.2701      4.4000      4.4000      4.4000      
2013-09-12     2.9493      2.9695      3.1199      3.5248      3.5806      3.8695      3.7486      3.8419      4.4238      4.8912      4.7539      4.8540      4.6562      4.6563      4.6578      4.2198      4.2198      4.2198      4.2700      4.2701      4.2701      4.4000      4.4000      4.4000      
2013-09-13     2.9551      2.9640      3.1084      3.5450      3.5640      3.8594      3.7758      3.7960      4.4252      5.0911      4.8217      4.9001      4.6561      4.6563      4.6581      4.2198      4.2198      4.2198      4.2700      4.2701      4.2701      4.4000      4.4000      4.4000      
2013-09-16     2.9727      2.9629      3.0886      3.5280      3.5367      3.8282      3.7514      3.7402      4.3470      5.3055      4.9287      4.9374      4.6562      4.6564      4.6581      4.2199      4.2199      4.2198      4.2700      4.2701      4.2701      4.4000      4.4000      4.4000      
2013-09-17     3.0922      3.0122      3.0706      3.5196      3.5200      3.7860      3.7302      3.7279      4.2557      5.5003      5.0600      4.9683      4.6568      4.6566      4.6578      4.2199      4.2199      4.2198      4.2700      4.2700      4.2701      4.4000      4.4000      4.4000      
2013-09-18     3.2008      3.0674      3.0726      3.5730      3.5451      3.7625      3.7633      3.7465      4.1823      5.6553      5.1932      5.0119      4.6573      4.6568      4.6578      4.2200      4.2199      4.2199      4.2700      4.2700      4.2701      4.4000      4.4000      4.4000      
2013-09-22     3.3220      3.1357      3.0834      3.6724      3.5986      3.7563      3.8047      3.7767      4.1303      5.7701      5.3306      5.0609      4.6584      4.6573      4.6578      4.2200      4.2199      4.2199      4.2700      4.2700      4.2701      4.4000      4.4000      4.4000      
2013-09-23     3.4892      3.2222      3.1109      3.8048      3.6749      3.7604      3.9043      3.8401      4.0893      5.8742      5.4826      5.1103      4.6613      4.6587      4.6583      4.2200      4.2199      4.2199      4.2700      4.2700      4.2701      4.4000      4.4000      4.4000      
2013-09-24     3.6105      3.2916      3.1398      3.9990      3.7635      3.7813      4.1466      3.9490      4.0696      5.9620      5.6337      5.1654      4.6646      4.6604      4.6589      4.2200      4.2199      4.2199      4.2700      4.2700      4.2701      4.4000      4.4000      4.4000      
2013-09-25     3.5813      3.3367      3.1568      4.0656      3.7926      3.7666      4.4551      4.0926      4.0597      5.9660      5.7331      5.2095      4.6673      4.6621      4.6594      4.2200      4.2200      4.2199      4.2700      4.2700      4.2700      4.4000      4.4000      4.4000      
2013-09-26     3.4923      3.3465      3.1575      4.1268      3.8499      3.7564      4.7828      4.2730      4.0875      5.8704      5.7628      5.2348      4.6702      4.6638      4.6601      4.2200      4.2200      4.2199      4.2700      4.2700      4.2700      4.4000      4.4000      4.4000      
2013-09-27     3.4072      3.3646      3.1671      4.0578      3.8651      3.7228      5.1119      4.4583      4.1501      5.7468      5.7584      5.2562      4.6723      4.6654      4.6608      4.2200      4.2200      4.2199      4.2700      4.2700      4.2700      4.4000      4.4000      4.4000      
2013-09-29     3.2742      3.3817      3.1729      3.9612      3.8830      3.7235      5.3975      4.6509      4.2235      5.6060      5.7401      5.2809      4.6726      4.6670      4.6616      4.2200      4.2200      4.2199      4.2700      4.2700      4.2700      4.4000      4.4000      4.4000      
2013-09-30     3.1765      3.3935      3.1782      3.9138      3.9564      3.7466      5.3917      4.7691      4.2547      5.4442      5.7031      5.3159      4.6721      4.6683      4.6624      4.2200      4.2200      4.2199      4.2700      4.2700      4.2700      4.4000      4.4000      4.4000      
2013-10-08     3.1175      3.3494      3.1808      4.0092      4.0374      3.7787      5.3112      4.8831      4.3055      5.3086      5.6373      5.3487      4.6715      4.6694      4.6630      4.2200      4.2200      4.2199      4.2700      4.2700      4.2700      4.4000      4.4000      4.4000      
2013-10-09     3.1415      3.3169      3.1921      4.0986      4.1127      3.8289      5.1602      4.9715      4.3590      5.2642      5.5673      5.3803      4.6705      4.6704      4.6636      4.2200      4.2200      4.2200      4.2700      4.2700      4.2700      4.4000      4.4000      4.4000      
2013-10-10     3.1776      3.2924      3.2140      4.2654      4.1616      3.8801      5.0174      5.0647      4.4207      5.2182      5.4825      5.4066      4.6697      4.6710      4.6641      4.2200      4.2200      4.2200      4.2700      4.2700      4.2700      4.4000      4.4000      4.4000      
2013-10-11     3.1676      3.2209      3.2215      4.3676      4.1644      3.9197      4.8312      5.1144      4.4772      5.1582      5.3821      5.4324      4.6686      4.6706      4.6647      4.2200      4.2200      4.2200      4.2700      4.2700      4.2700      4.4000      4.4000      4.4000      
2013-10-12     3.1478      3.1622      3.2269      4.3762      4.1450      3.9543      4.8360      5.1138      4.5314      5.0592      5.2517      5.4427      4.6680      4.6701      4.6652      4.2200      4.2200      4.2200      4.2700      4.2700      4.2700      4.4000      4.4000      4.4000      
2013-10-14     3.1600      3.1388      3.2378      4.2686      4.1389      3.9658      4.8100      5.0606      4.5766      4.9936      5.1511      5.4421      4.6675      4.6695      4.6658      4.2200      4.2200      4.2200      4.2700      4.2700      4.2700      4.4000      4.4000      4.4000      
2013-10-15     3.1370      3.1393      3.2429      4.1372      4.1179      3.9839      4.6234      4.8918      4.5824      4.8936      5.0789      5.4209      4.6670      4.6687      4.6663      4.2200      4.2200      4.2200      4.2700      4.2700      4.2700      4.4000      4.4000      4.4000      
2013-10-16     3.0824      3.1300      3.2473      3.9040      4.0847      3.9749      4.3070      4.6622      4.5603      4.8450      5.0316      5.3950      4.6664      4.6681      4.6667      4.2200      4.2200      4.2200      4.2700      4.2700      4.2700      4.4000      4.4000      4.4000      
2013-10-17     3.0700      3.1188      3.2503      3.7220      4.0448      3.9639      4.0158      4.4235      4.5372      4.7910      4.9746      5.3573      4.6665      4.6676      4.6673      4.2200      4.2200      4.2200      4.2700      4.2700      4.2700      4.4000      4.4000      4.4000      
2013-10-18     3.0648      3.1063      3.2499      3.5698      3.9730      3.9647      3.7708      4.3034      4.5363      4.7526      4.9059      5.3045      4.6669      4.6675      4.6679      4.2200      4.2200      4.2200      4.2700      4.2700      4.2700      4.4000      4.4000      4.4000      
2013-10-21     3.0542      3.1071      3.2283      3.5084      3.8885      3.9630      3.5748      4.1924      4.5378      4.7192      4.8564      5.2468      4.6692      4.6684      4.6689      4.2200      4.2200      4.2200      4.2700      4.2700      4.2700      4.4000      4.4000      4.4000      
2013-10-22     3.0412      3.0891      3.2030      3.4510      3.7941      3.9534      3.5182      4.0708      4.5211      4.7180      4.8058      5.1865      4.6724      4.6697      4.6700      4.2200      4.2200      4.2200      4.2700      4.2700      4.2700      4.4000      4.4000      4.4000      
2013-10-23     3.1862      3.1343      3.2134      3.5866      3.7453      3.9535      3.6210      3.9640      4.5143      4.7094      4.7772      5.1298      4.6761      4.6713      4.6712      4.2200      4.2200      4.2200      4.2700      4.2700      4.2700      4.4000      4.4000      4.4000      
2013-10-24     3.3962      3.2331      3.2270      3.8526      3.7873      3.9759      3.9192      3.9675      4.5409      4.8434      4.8172      5.0996      4.6800      4.6733      4.6719      4.2200      4.2200      4.2200      4.2700      4.2700      4.2700      4.4000      4.4000      4.4000      
2013-10-25     3.6694      3.3671      3.2646      4.1338      3.8518      3.9984      4.3770      4.0739      4.5939      5.2052      4.9789      5.1153      4.6843      4.6756      4.6728      4.2200      4.2200      4.2200      4.2700      4.2700      4.2700      4.4000      4.4000      4.4000      
2013-10-28     3.9442      3.4992      3.3190      4.4030      3.9557      4.0473      4.9222      4.2485      4.6545      5.5640      5.1416      5.1464      4.6883      4.6788      4.6741      4.2201      4.2200      4.2200      4.2700      4.2700      4.2700      4.4000      4.4000      4.4000      
2013-10-29     4.2230      3.6321      3.3857      4.6808      4.0659      4.0919      5.4926      4.5054      4.6986      5.8550      5.2865      5.1827      4.6914      4.6819      4.6753      4.2201      4.2200      4.2200      4.2700      4.2700      4.2700      4.4000      4.4000      4.4000      
2013-10-30     4.5130      3.8496      3.4898      5.0010      4.2938      4.1893      5.9882      4.8046      4.7334      6.0770      5.3932      5.2124      4.6938      4.6850      4.6765      4.2200      4.2200      4.2200      4.2700      4.2700      4.2700      4.4000      4.4000      4.4000      
2013-10-31     4.6134      4.0048      3.5618      5.0636      4.4581      4.2515      6.1138      5.0165      4.7200      6.0638      5.4536      5.2141      4.6953      4.6877      4.6776      4.2199      4.2200      4.2200      4.2700      4.2700      4.2700      4.4000      4.4000      4.4000      
2013-11-01     4.5977      4.1335      3.6199      5.0074      4.5706      4.2718      5.9474      5.1622      4.7328      5.8118      5.5085      5.2072      4.6956      4.6900      4.6787      4.2199      4.2200      4.2200      4.2700      4.2700      4.2700      4.4000      4.4000      4.4000      
2013-11-04     4.5303      4.2372      3.6722      4.9132      4.6581      4.2733      5.5682      5.2452      4.7188      5.4374      5.5007      5.1786      4.6945      4.6914      4.6799      4.2199      4.2200      4.2200      4.2700      4.2700      4.2700      4.4000      4.4000      4.4000      
2013-11-05     4.4240      4.3235      3.7063      4.7702      4.7255      4.2598      5.1892      5.3409      4.7059      5.1281      5.4916      5.1487      4.6938      4.6926      4.6811      4.2199      4.2200      4.2200      4.2700      4.2700      4.2700      4.4000      4.4000      4.4000      
2013-11-06     4.1100      4.3115      3.7229      4.4248      4.7129      4.2291      4.8294      5.4088      4.6864      4.9171      5.4971      5.1371      4.6930      4.6934      4.6824      4.2200      4.2200      4.2200      4.2700      4.2700      4.2700      4.4000      4.4000      4.4000      
2013-11-07     3.9380      4.2757      3.7544      4.2044      4.6340      4.2107      4.6378      5.3758      4.6717      4.8451      5.4545      5.1358      4.6927      4.6940      4.6836      4.2201      4.2200      4.2200      4.2700      4.2700      4.2700      4.4000      4.4000      4.4000      
2013-11-08     3.8326      4.2151      3.7911      4.0702      4.5388      4.1953      4.5479      5.2477      4.6608      4.8281      5.3200      5.1494      4.6931      4.6943      4.6850      4.2201      4.2200      4.2200      4.2700      4.2700      4.2700      4.4000      4.4000      4.4000      
2013-11-11     3.7331      4.1317      3.8155      3.9416      4.4274      4.1916      4.5395      5.0539      4.6512      4.9609      5.1992      5.1704      4.6939      4.6942      4.6865      4.2201      4.2200      4.2200      4.2700      4.2700      4.2700      4.4000      4.4000      4.4000      
2013-11-12     3.6160      4.0200      3.8261      3.8042      4.2872      4.1766      4.4891      4.8392      4.6723      5.0108      5.0695      5.1780      4.6949      4.6943      4.6881      4.2201      4.2200      4.2200      4.2700      4.2700      4.2700      4.4000      4.4000      4.4000      
2013-11-13     3.5512      3.8306      3.8401      3.7580      4.0914      4.1926      4.4509      4.6402      4.7224      5.0872      5.0022      5.1977      4.6961      4.6946      4.6898      4.2201      4.2201      4.2200      4.2700      4.2700      4.2700      4.4000      4.4000      4.4000      
2013-11-14     3.6428      3.7904      3.8976      3.8184      4.0114      4.2348      4.4375      4.5377      4.7771      5.1574      5.0013      5.2274      4.6974      4.6951      4.6914      4.2201      4.2201      4.2200      4.2700      4.2700      4.2700      4.4000      4.4000      4.4000      
2013-11-15     3.7814      3.8070      3.9703      4.0928      4.0815      4.3261      4.7018      4.6249      4.8935      5.3318      5.0800      5.2942      4.6997      4.6964      4.6932      4.2202      4.2201      4.2201      4.2700      4.2700      4.2700      4.4000      4.4000      4.4000      
2013-11-18     3.9640      3.8486      4.0429      4.4082      4.1749      4.4165      5.0498      4.7947      5.0199      5.5590      5.2600      5.3803      4.7024      4.6982      4.6948      4.2203      4.2202      4.2201      4.2700      4.2700      4.2700      4.4000      4.4000      4.4000      
2013-11-19     4.1132      3.8646      4.0941      4.6652      4.2347      4.4801      5.2952      4.8922      5.1165      5.8102      5.4105      5.4510      4.7048      4.6999      4.6962      4.2204      4.2203      4.2201      4.2700      4.2700      4.2700      4.4000      4.4000      4.4000      
2013-11-20     4.2574      3.9043      4.1079      4.8884      4.3232      4.5181      5.5094      4.9802      5.1945      5.9958      5.5415      5.5193      4.7069      4.7015      4.6975      4.2206      4.2203      4.2202      4.2700      4.2700      4.2700      4.4000      4.4000      4.4000      
2013-11-21     4.1976      3.9202      4.0980      4.9914      4.4049      4.5195      5.7322      5.0849      5.2303      6.1874      5.6724      5.5634      4.7091      4.7033      4.6986      4.2207      4.2204      4.2202      4.2700      4.2700      4.2700      4.4000      4.4000      4.4000      
2013-11-22     4.0866      3.9340      4.0746      4.8818      4.4873      4.5131      5.7350      5.2184      5.2330      6.2732      5.8025      5.5612      4.7103      4.7050      4.6997      4.2207      4.2204      4.2202      4.2700      4.2700      4.2700      4.4000      4.4000      4.4000      
2013-11-25     3.9534      3.9587      4.0452      4.7584      4.5833      4.5054      5.7284      5.3891      5.2215      6.2678      5.9134      5.5563      4.7110      4.7067      4.7005      4.2207      4.2205      4.2202      4.2700      4.2700      4.2700      4.4000      4.4000      4.4000      
2013-11-26     3.8876      4.0004      4.0102      4.7279      4.6966      4.4919      5.8120      5.5536      5.1964      6.3600      6.0851      5.5773      4.7122      4.7085      4.7014      4.2207      4.2206      4.2203      4.2700      4.2700      4.2700      4.4000      4.4000      4.4000      
2013-11-27     3.8290      4.0432      3.9369      4.7103      4.7994      4.4454      5.9196      5.7145      5.1773      6.4650      6.2304      5.6163      4.7145      4.7107      4.7026      4.2207      4.2206      4.2203      4.2700      4.2700      4.2700      4.4000      4.4000      4.4000      
2013-11-28     3.8004      3.9990      3.8947      4.7333      4.8624      4.4369      6.0588      5.8955      5.2166      6.5194      6.3534      5.6773      4.7160      4.7126      4.7038      4.2207      4.2207      4.2204      4.2700      4.2700      4.2700      4.4000      4.4000      4.4000      
2013-11-29     3.7658      3.9262      3.8666      4.7139      4.7979      4.4397      6.0888      5.9119      5.2684      6.5168      6.3950      5.7375      4.7182      4.7142      4.7053      4.2207      4.2207      4.2204      4.2700      4.2700      4.2700      4.4000      4.4000      4.4000      
2013-12-02     3.7460      3.8497      3.8491      4.6801      4.7193      4.4471      6.0418      5.8851      5.3399      6.4938      6.3808      5.8204      4.7195      4.7153      4.7067      4.2207      4.2207      4.2204      4.2700      4.2700      4.2700      4.4000      4.4000      4.4000      
2013-12-03     3.7418      3.8147      3.8397      4.6646      4.6963      4.4655      6.0344      5.9232      5.4077      6.4334      6.3967      5.9036      4.7237      4.7179      4.7089      4.2209      4.2208      4.2205      4.2700      4.2700      4.2700      4.4000      4.4000      4.4000      
2013-12-04     3.7337      3.7814      3.8428      4.6474      4.6789      4.5010      5.9908      5.9552      5.4677      6.3396      6.4023      5.9719      4.7350      4.7248      4.7131      4.2231      4.2219      4.2211      4.2701      4.2701      4.2700      4.4000      4.4000      4.4000      
2013-12-05     3.7251      3.7628      3.8415      4.5944      4.6639      4.5344      5.8336      5.9462      5.5155      6.2446      6.3820      6.0272      4.7684      4.7422      4.7227      4.2276      4.2242      4.2223      4.2703      4.2701      4.2701      4.4000      4.4000      4.4000      
2013-12-06     3.7199      3.7429      3.8384      4.5712      4.6426      4.5649      5.6320      5.8604      5.5394      6.0908      6.3038      6.0532      4.8572      4.7877      4.7464      4.2338      4.2272      4.2238      4.2711      4.2705      4.2703      4.4010      4.4005      4.4003      
2013-12-09     3.6943      3.7202      3.8394      4.5540      4.6171      4.6002      5.4224      5.7321      5.5606      5.9282      6.2110      6.0622      4.9649      4.8422      4.7745      4.2557      4.2382      4.2293      4.2881      4.2791      4.2745      4.4148      4.4074      4.4037      
2013-12-10     3.6609      3.7014      3.8509      4.5228      4.5937      4.6451      5.1838      5.6091      5.5814      5.7314      6.0824      6.0838      5.0852      4.9044      4.8065      4.2912      4.2561      4.2383      4.3205      4.2953      4.2826      4.4395      4.4198      4.4099      
2013-12-11     3.6182      3.6760      3.8596      4.4732      4.5603      4.6798      4.9438      5.4673      5.5909      5.5320      5.9358      6.0831      5.1960      4.9655      4.8381      4.3371      4.2801      4.2504      4.3657      4.3179      4.2940      4.4749      4.4375      4.4187      
2013-12-12     3.5696      3.6474      3.8232      4.4226      4.5085      4.6854      4.7440      5.2888      5.5922      5.3991      5.8219      6.0876      5.2835      5.0259      4.8692      4.3924      4.3100      4.2653      4.4225      4.3464      4.3082      4.5199      4.4599      4.4300      
2013-12-13     3.5160      3.6180      3.7721      4.3726      4.4719      4.6349      4.6144      5.1232      5.5176      5.3645      5.7277      6.0613      5.3171      5.0871      4.9007      4.4568      4.3453      4.2830      4.4892      4.3801      4.3251      4.5720      4.4865      4.4433      
2013-12-16     3.4814      3.5879      3.7188      4.3472      4.4506      4.5849      4.5158      4.9691      5.4271      5.3859      5.6571      6.0189      5.3316      5.1483      4.9318      4.5149      4.3853      4.3030      4.5492      4.4187      4.3443      4.6191      4.5170      4.4585      
2013-12-17     3.4638      3.5624      3.6885      4.3502      4.4365      4.5664      4.4822      4.8330      5.3781      5.5737      5.6526      6.0246      5.3348      5.2100      4.9639      4.5672      4.4292      4.3250      4.6020      4.4612      4.3656      4.6611      4.5503      4.4752      
2013-12-18     3.4794      3.5488      3.6651      4.6648      4.5690      4.6239      4.5880      4.7659      5.3606      5.8791      5.7056      6.0539      5.3454      5.2707      4.9977      4.6160      4.4766      4.3492      4.6510      4.5084      4.3892      4.6984      4.5867      4.4933      
2013-12-19     3.5566      3.5631      3.6629      5.0982      4.7604      4.7121      4.9296      4.8368      5.3915      6.2162      5.8077      6.0948      5.3657      5.3246      5.0334      4.6618      4.5271      4.3756      4.6964      4.5595      4.4148      4.7337      4.6268      4.5134      
2013-12-20     3.6556      3.5858      3.6643      5.7690      5.0708      4.8567      5.4482      5.0313      5.4459      6.6376      6.0011      6.1524      5.3903      5.3537      5.0707      4.7035      4.5802      4.4037      4.7377      4.6134      4.4420      4.7676      4.6698      4.5352      
2013-12-23     3.8692      3.6753      3.6977      6.6660      5.5066      5.0618      6.2196      5.3677      5.5499      7.0574      6.2217      6.2163      5.4273      5.3795      5.1108      4.7424      4.6287      4.4334      4.7751      4.6621      4.4706      4.7998      4.7095      4.5584      
2013-12-24     4.0042      3.7340      3.7177      7.0136      5.6819      5.1378      6.4614      5.4718      5.5405      7.1314      6.3526      6.2175      5.4601      5.3974      5.1509      4.7776      4.6724      4.4642      4.8084      4.7052      4.5002      4.8302      4.7457      4.5827      
2013-12-25     4.0966      3.7880      3.7320      6.9564      5.8106      5.1855      6.6338      5.6109      5.5391      7.0802      6.4797      6.2077      5.4875      5.4164      5.1910      4.8083      4.7122      4.4961      4.8364      4.7437      4.5308      4.8582      4.7783      4.6079      
2013-12-26     4.1276      3.8421      3.7447      6.7278      5.9130      5.2108      6.6182      5.7739      5.5314      6.9740      6.5951      6.2085      5.5103      5.4380      5.2320      4.8338      4.7478      4.5289      4.8597      4.7781      4.5622      4.8820      4.8079      4.6339      
2013-12-27     4.0448      3.8502      3.7341      6.2104      5.9897      5.2308      6.4074      5.9278      5.5255      6.7664      6.7020      6.2148      5.5280      5.4592      5.2731      4.8563      4.7799      4.5626      4.8798      4.8088      4.5944      4.9022      4.8349      4.6607      
2013-12-30     3.7828      3.8260      3.7069      5.4100      6.0380      5.2443      5.9396      6.0796      5.5244      6.4596      6.7585      6.2078      5.5354      5.4814      5.3148      4.8746      4.8085      4.5969      4.8969      4.8360      4.6273      4.9188      4.8593      4.6881      
2013-12-31     3.5834      3.7938      3.6781      5.2206      6.1171      5.2768      5.9798      6.2206      5.5268      6.3212      6.7263      6.1894      5.5432      5.5016      5.3558      4.8913      4.8345      4.6318      4.9125      4.8604      4.6608      4.9338      4.8820      4.7162      
