日期           O/N                                 1W                                  2W                                  1M                                  3M                                  6M                                  9M                                  1Y                                  
===========================================================================================================================================
               5日均值     10日均值    20日均值    5日均值     10日均值    20日均值    5日均值     10日均值    20日均值    5日均值     10日均值    20日均值    5日均值     10日均值    20日均值    5日均值     10日均值    20日均值    5日均值     10日均值    20日均值    5日均值     10日均值    20日均值    
2020-01-02     1.2521      1.3746      1.7982      2.5948      2.5514      2.5244      2.7722      2.8583      2.6433      2.9676      2.9804      2.9325      3.0180      3.0280      3.0290      3.0416      3.0494      3.0506      3.0707      3.0784      3.0783      3.1008      3.1099      3.1161      
2020-01-03     1.3149      1.2851      1.7610      2.5432      2.5304      2.5202      2.6302      2.7862      2.6370      2.9369      2.9670      2.9340      3.0041      3.0197      3.0259      3.0308      3.0429      3.0479      3.0606      3.0721      3.0761      3.0928      3.1046      3.1136      
2020-01-06     1.3005      1.2040      1.7075      2.4712      2.4994      2.5070      2.4690      2.7001      2.6177      2.8881      2.9420      2.9299      2.9830      3.0076      3.0207      3.0132      3.0330      3.0434      3.0462      3.0638      3.0727      3.0818      3.0974      3.1100      
2020-01-07     1.3035      1.1698      1.6510      2.3994      2.4800      2.4947      2.3392      2.6269      2.6051      2.8330      2.9122      2.9228      2.9586      2.9935      3.0144      2.9926      3.0216      3.0380      3.0300      3.0545      3.0686      3.0695      3.0894      3.1059      
2020-01-08     1.2753      1.2137      1.6187      2.3160      2.4670      2.4882      2.1902      2.5453      2.5913      2.7649      2.8764      2.9118      2.9308      2.9783      3.0071      2.9694      3.0090      3.0320      3.0120      3.0443      3.0640      3.0558      3.0811      3.1014      
2020-01-09     1.3246      1.2884      1.5992      2.3234      2.4591      2.4870      2.1528      2.4625      2.5783      2.7072      2.8374      2.8987      2.9054      2.9617      2.9989      2.9498      2.9957      3.0256      2.9964      3.0336      3.0589      3.0428      3.0718      3.0963      
2020-01-10     1.4466      1.3808      1.5851      2.3510      2.4471      2.4898      2.1728      2.4015      2.5743      2.6626      2.7998      2.8851      2.8862      2.9452      2.9906      2.9348      2.9828      3.0191      2.9852      3.0229      3.0536      3.0316      3.0622      3.0909      
2020-01-13     1.6578      1.4792      1.5814      2.4116      2.4414      2.4922      2.2566      2.3628      2.5777      2.6370      2.7626      2.8704      2.8738      2.9284      2.9819      2.9258      2.9695      3.0123      2.9774      3.0118      3.0478      3.0244      3.0531      3.0855      
2020-01-14     1.9184      1.6110      1.5855      2.4906      2.4450      2.4984      2.3684      2.3538      2.5925      2.6382      2.7356      2.8592      2.8664      2.9125      2.9734      2.9202      2.9564      3.0054      2.9728      3.0014      3.0422      3.0190      3.0443      3.0801      
2020-01-15     2.1386      1.7070      1.5929      2.5700      2.4430      2.5048      2.5390      2.3646      2.6216      2.6704      2.7177      2.8521      2.8632      2.8970      2.9648      2.9178      2.9436      2.9985      2.9702      2.9911      3.0365      3.0150      3.0354      3.0745      
2020-01-16     2.3224      1.8235      1.5991      2.6086      2.4660      2.5087      2.7034      2.4281      2.6432      2.7086      2.7079      2.8441      2.8634      2.8844      2.9562      2.9172      2.9335      2.9914      2.9684      2.9824      3.0304      3.0122      3.0275      3.0687      
2020-01-17     2.4724      1.9595      1.6223      2.6392      2.4951      2.5128      2.8340      2.5034      2.6448      2.7464      2.7045      2.8357      2.8642      2.8752      2.9475      2.9168      2.9258      2.9843      2.9670      2.9761      3.0241      3.0102      3.0209      3.0627      
2020-01-19     2.5432      2.1005      1.6522      2.6564      2.5340      2.5167      2.9032      2.5799      2.6400      2.7834      2.7102      2.8261      2.8652      2.8695      2.9386      2.9172      2.9215      2.9772      2.9652      2.9713      3.0175      3.0068      3.0156      3.0565      
2020-01-20     2.4892      2.2038      1.6868      2.6470      2.5688      2.5244      2.9316      2.6500      2.6385      2.8048      2.7215      2.8168      2.8648      2.8656      2.9296      2.9170      2.9186      2.9701      2.9622      2.9675      3.0110      3.0036      3.0113      3.0503      
2020-01-21     2.3354      2.2370      1.7253      2.6238      2.5969      2.5320      2.8964      2.7177      2.6315      2.8082      2.7393      2.8078      2.8636      2.8634      2.9208      2.9154      2.9166      2.9628      2.9588      2.9645      3.0044      3.0002      3.0076      3.0444      
2020-01-22     2.1204      2.2214      1.7549      2.6126      2.6106      2.5349      2.8654      2.7844      2.6235      2.8122      2.7604      2.7989      2.8616      2.8625      2.9121      2.9142      2.9157      2.9557      2.9558      2.9621      2.9978      2.9978      3.0050      3.0384      
2020-01-23     2.1048      2.2886      1.8347      2.5944      2.6168      2.5320      2.8362      2.8351      2.6183      2.8150      2.7807      2.7902      2.8596      2.8619      2.9035      2.9134      2.9151      2.9490      2.9530      2.9600      2.9915      2.9958      3.0030      3.0326      
2020-02-03     2.1230      2.3331      1.9061      2.5942      2.6253      2.5334      2.7890      2.8461      2.6045      2.8154      2.7994      2.7810      2.8574      2.8613      2.8949      2.9106      2.9139      2.9417      2.9496      2.9574      2.9846      2.9924      2.9996      3.0264      
2020-02-04     2.1280      2.3086      1.9598      2.5560      2.6015      2.5233      2.7306      2.8311      2.5925      2.8048      2.8048      2.7702      2.8502      2.8575      2.8850      2.9032      2.9101      2.9333      2.9408      2.9515      2.9765      2.9848      2.9942      3.0192      
2020-02-05     2.1612      2.2483      1.9776      2.5044      2.5641      2.5036      2.6502      2.7733      2.5690      2.7808      2.7945      2.7561      2.8382      2.8509      2.8740      2.8918      2.9036      2.9236      2.9290      2.9439      2.9675      2.9730      2.9866      3.0110      
2020-02-06     2.2182      2.1693      1.9964      2.4562      2.5344      2.5002      2.5564      2.7109      2.5695      2.7470      2.7796      2.7438      2.8218      2.8417      2.8631      2.8760      2.8951      2.9143      2.9140      2.9349      2.9587      2.9566      2.9772      3.0024      
2020-02-07     2.0880      2.0964      2.0280      2.4076      2.5010      2.4981      2.4554      2.6458      2.5746      2.7082      2.7616      2.7331      2.8008      2.8302      2.8527      2.8552      2.8843      2.9051      2.8924      2.9227      2.9494      2.9370      2.9664      2.9937      
2020-02-10     1.9176      2.0203      2.0604      2.3440      2.4691      2.5016      2.3774      2.5832      2.5816      2.6624      2.7389      2.7246      2.7750      2.8162      2.8429      2.8320      2.8713      2.8964      2.8690      2.9093      2.9403      2.9164      2.9544      2.9850      
2020-02-11     1.7750      1.9515      2.0777      2.3058      2.4309      2.4999      2.2886      2.5096      2.5798      2.6158      2.7103      2.7159      2.7460      2.7981      2.8319      2.8082      2.8557      2.8872      2.8472      2.8940      2.9308      2.8958      2.9403      2.9758      
2020-02-12     1.6690      1.9151      2.0761      2.2944      2.3994      2.4982      2.2236      2.4369      2.5773      2.5756      2.6782      2.7088      2.7140      2.7761      2.8198      2.7822      2.8370      2.8768      2.8250      2.8770      2.9208      2.8776      2.9253      2.9665      
2020-02-13     1.5938      1.9060      2.0637      2.2860      2.3711      2.4909      2.1798      2.3681      2.5763      2.5362      2.6416      2.7010      2.6798      2.7508      2.8067      2.7538      2.8149      2.8653      2.8026      2.8583      2.9102      2.8618      2.9092      2.9571      
2020-02-14     1.4864      1.7872      2.0379      2.2714      2.3395      2.4782      2.1420      2.2987      2.5669      2.4938      2.6010      2.6909      2.6422      2.7215      2.7917      2.7246      2.7899      2.8525      2.7828      2.8376      2.8988      2.8458      2.8914      2.9472      
2020-02-17     1.4410      1.6793      2.0062      2.2658      2.3049      2.4651      2.1218      2.2496      2.5479      2.4584      2.5604      2.6799      2.6066      2.6908      2.7761      2.6974      2.7647      2.8393      2.7636      2.8163      2.8869      2.8318      2.8741      2.9369      
2020-02-18     1.4296      1.6023      1.9555      2.2794      2.2926      2.4471      2.1170      2.2028      2.5170      2.4304      2.5231      2.6640      2.5758      2.6609      2.7592      2.6724      2.7403      2.8252      2.7454      2.7963      2.8739      2.8178      2.8568      2.9255      
2020-02-19     1.4506      1.5598      1.9041      2.2758      2.2851      2.4246      2.1218      2.1727      2.4730      2.4056      2.4906      2.6426      2.5500      2.6320      2.7415      2.6514      2.7168      2.8102      2.7296      2.7773      2.8606      2.8034      2.8405      2.9136      
2020-02-20     1.4426      1.5182      1.8438      2.2726      2.2793      2.4069      2.1196      2.1497      2.4303      2.3866      2.4614      2.6205      2.5290      2.6044      2.7231      2.6352      2.6945      2.7948      2.7164      2.7595      2.8472      2.7900      2.8259      2.9016      
2020-02-21     1.4624      1.4744      1.7854      2.2750      2.2732      2.3871      2.1212      2.1316      2.3887      2.3720      2.4329      2.5973      2.5138      2.5780      2.7041      2.6234      2.6740      2.7792      2.7060      2.7444      2.8336      2.7786      2.8122      2.8893      
2020-02-24     1.4840      1.4625      1.7414      2.2580      2.2619      2.3655      2.1160      2.1189      2.3511      2.3580      2.4082      2.5736      2.5000      2.5533      2.6848      2.6134      2.6554      2.7634      2.6982      2.7309      2.8201      2.7682      2.8000      2.8772      
2020-02-25     1.5038      1.4667      1.7091      2.2400      2.2597      2.3453      2.1094      2.1132      2.3114      2.3442      2.3873      2.5488      2.4868      2.5313      2.6647      2.6048      2.6386      2.7472      2.6908      2.7181      2.8061      2.7614      2.7896      2.8650      
2020-02-26     1.4784      1.4645      1.6898      2.2230      2.2494      2.3244      2.0972      2.1095      2.2732      2.3312      2.3684      2.5233      2.4732      2.5116      2.6439      2.5966      2.6240      2.7305      2.6820      2.7058      2.7914      2.7556      2.7795      2.8524      
2020-02-27     1.4672      1.4549      1.6805      2.1998      2.2362      2.3037      2.0914      2.1055      2.2368      2.3196      2.3531      2.4974      2.4598      2.4944      2.6226      2.5874      2.6113      2.7131      2.6722      2.6943      2.7763      2.7502      2.7701      2.8397      
2020-02-28     1.5218      1.4921      1.6397      2.2256      2.2503      2.2949      2.0876      2.1044      2.2016      2.3112      2.3416      2.4713      2.4478      2.4808      2.6012      2.5784      2.6009      2.6954      2.6622      2.6841      2.7609      2.7452      2.7619      2.8267      
2020-03-02     1.5580      1.5210      1.6002      2.2162      2.2371      2.2710      2.0772      2.0966      2.1731      2.2992      2.3286      2.4445      2.4342      2.4671      2.5790      2.5678      2.5906      2.6777      2.6516      2.6749      2.7456      2.7386      2.7534      2.8138      
2020-03-03     1.5620      1.5329      1.5676      2.1944      2.2172      2.2549      2.0584      2.0839      2.1434      2.2814      2.3128      2.4180      2.4174      2.4521      2.5565      2.5554      2.5801      2.6602      2.6398      2.6653      2.7308      2.7294      2.7454      2.8011      
2020-03-04     1.5546      1.5165      1.5382      2.1682      2.1956      2.2404      2.0366      2.0669      2.1198      2.2550      2.2931      2.3919      2.3954      2.4343      2.5332      2.5398      2.5682      2.6425      2.6240      2.6530      2.7152      2.7164      2.7360      2.7883      
2020-03-05     1.5752      1.5212      1.5197      2.1476      2.1737      2.2265      2.0092      2.0503      2.1000      2.2248      2.2722      2.3668      2.3668      2.4133      2.5089      2.5204      2.5539      2.6242      2.6050      2.6386      2.6991      2.6986      2.7244      2.7752      
2020-03-06     1.5220      1.5219      1.4982      2.0798      2.1527      2.2130      1.9732      2.0304      2.0810      2.1898      2.2505      2.3417      2.3326      2.3902      2.4841      2.4938      2.5361      2.6051      2.5798      2.6210      2.6827      2.6748      2.7100      2.7611      
2020-03-09     1.4968      1.5274      1.4950      2.0688      2.1425      2.2022      1.9440      2.0106      2.0648      2.1588      2.2290      2.3186      2.2986      2.3664      2.4599      2.4656      2.5167      2.5861      2.5516      2.6016      2.6663      2.6486      2.6936      2.7468      
2020-03-10     1.5752      1.5686      1.5177      2.0982      2.1463      2.2030      1.9418      2.0001      2.0567      2.1394      2.2104      2.2989      2.2686      2.3430      2.4372      2.4382      2.4968      2.5677      2.5250      2.5824      2.6503      2.6246      2.6770      2.7333      
2020-03-11     1.7064      1.6305      1.5475      2.1478      2.1580      2.2037      1.9568      1.9967      2.0531      2.1336      2.1943      2.2814      2.2470      2.3212      2.4164      2.4142      2.4770      2.5505      2.5028      2.5634      2.6346      2.6002      2.6583      2.7189      
2020-03-12     1.7492      1.6622      1.5586      2.1918      2.1697      2.2030      1.9740      1.9916      2.0486      2.1296      2.1772      2.2652      2.2336      2.3002      2.3973      2.3938      2.4571      2.5342      2.4822      2.5436      2.6190      2.5768      2.6377      2.7039      
2020-03-13     1.7596      1.6408      1.5665      2.2352      2.1575      2.2039      1.9902      1.9817      2.0431      2.1282      2.1590      2.2503      2.2224      2.2775      2.3792      2.3802      2.4370      2.5190      2.4666      2.5232      2.6037      2.5562      2.6155      2.6887      
2020-03-16     1.6882      1.5925      1.5568      2.2602      2.1645      2.2008      2.0030      1.9735      2.0351      2.1238      2.1413      2.2350      2.2098      2.2542      2.3607      2.3648      2.4152      2.5029      2.4514      2.5015      2.5882      2.5362      2.5924      2.6729      
2020-03-17     1.5020      1.5386      1.5358      2.1912      2.1447      2.1810      1.9772      1.9595      2.0217      2.1100      2.1247      2.2188      2.1938      2.2312      2.3417      2.3456      2.3919      2.4860      2.4352      2.4801      2.5727      2.5154      2.5700      2.6577      
2020-03-18     1.2710      1.4887      1.5026      2.0814      2.1146      2.1551      1.9242      1.9405      2.0037      2.0874      2.1105      2.2018      2.1730      2.2100      2.3222      2.3224      2.3683      2.4683      2.4186      2.4607      2.5569      2.4968      2.5485      2.6423      
2020-03-19     1.1074      1.4283      1.4748      1.9982      2.0950      2.1344      1.8636      1.9188      1.9846      2.0630      2.0963      2.1843      2.1492      2.1914      2.3024      2.2978      2.3458      2.4499      2.4010      2.4416      2.5401      2.4802      2.5285      2.6265      
2020-03-20     0.9836      1.3716      1.4468      1.9368      2.0860      2.1194      1.8198      1.9050      1.9677      2.0378      2.0830      2.1668      2.1262      2.1743      2.2823      2.2696      2.3249      2.4305      2.3818      2.4242      2.5226      2.4652      2.5107      2.6104      
2020-03-23     0.9064      1.2973      1.4124      1.8580      2.0591      2.1008      1.7724      1.8877      1.9492      2.0116      2.0677      2.1484      2.1056      2.1577      2.2621      2.2418      2.3033      2.4100      2.3606      2.4060      2.5038      2.4490      2.4926      2.5931      
2020-03-24     0.8526      1.1773      1.3730      1.8174      2.0043      2.0753      1.7360      1.8566      1.9284      1.9866      2.0483      2.1294      2.0878      2.1408      2.2419      2.2168      2.2812      2.3890      2.3392      2.3872      2.4848      2.4310      2.4732      2.5751      
2020-03-25     0.8294      1.0502      1.3404      1.8162      1.9488      2.0534      1.7132      1.8187      1.9077      1.9596      2.0235      2.1089      2.0658      2.1194      2.2203      2.1904      2.2564      2.3667      2.3108      2.3647      2.4641      2.4092      2.4530      2.5557      
2020-03-26     0.8292      0.9683      1.3153      1.7816      1.8899      2.0298      1.7000      1.7818      1.8867      1.9318      1.9974      2.0873      2.0404      2.0948      2.1975      2.1602      2.2290      2.3431      2.2816      2.3413      2.4425      2.3838      2.4320      2.5349      
2020-03-27     0.8910      0.9373      1.2891      1.7464      1.8416      1.9996      1.6832      1.7515      1.8666      1.9046      1.9712      2.0651      2.0162      2.0712      2.1744      2.1310      2.2003      2.3187      2.2528      2.3173      2.4203      2.3572      2.4112      2.5134      
2020-03-30     0.9968      0.9516      1.2721      1.8180      1.8380      2.0013      1.6940      1.7332      1.8534      1.8792      1.9454      2.0434      1.9914      2.0485      2.1514      2.1030      2.1724      2.2938      2.2222      2.2914      2.3965      2.3300      2.3895      2.4910      
2020-03-31     1.1568      1.0047      1.2717      1.9088      1.8631      2.0039      1.7312      1.7336      1.8466      1.8570      1.9218      2.0233      1.9668      2.0273      2.1293      2.0756      2.1462      2.2691      2.1916      2.2654      2.3728      2.3016      2.3663      2.4682      
2020-04-01     1.2680      1.0487      1.2687      1.9606      1.8884      2.0015      1.7464      1.7298      1.8352      1.8394      1.8995      2.0050      1.9484      2.0071      2.1086      2.0524      2.1214      2.2449      2.1672      2.2390      2.3499      2.2758      2.3425      2.4455      
2020-04-02     1.3546      1.0919      1.2601      1.9880      1.8848      1.9899      1.7374      1.7187      1.8188      1.8200      1.8759      1.9861      1.9308      1.9856      2.0885      2.0306      2.0954      2.2206      2.1436      2.2126      2.3271      2.2514      2.3176      2.4231      
2020-04-03     1.3340      1.1125      1.2421      2.0004      1.8734      1.9797      1.7068      1.6950      1.8000      1.7968      1.8507      1.9669      1.9064      1.9613      2.0678      2.0074      2.0692      2.1971      2.1190      2.1859      2.3051      2.2234      2.2903      2.4005      
2020-04-07     1.2204      1.1086      1.2030      1.9224      1.8702      1.9647      1.6260      1.6600      1.7739      1.7616      1.8204      1.9441      1.8628      1.9271      2.0424      1.9690      2.0360      2.1697      2.0858      2.1540      2.2800      2.1826      2.2563      2.3745      
2020-04-08     1.0762      1.1165      1.1469      1.8408      1.8748      1.9396      1.5218      1.6265      1.7416      1.7068      1.7819      1.9151      1.8056      1.8862      2.0135      1.9142      1.9949      2.1381      2.0318      2.1117      2.2495      2.1228      2.2122      2.3427      
2020-04-09     1.0320      1.1500      1.1001      1.7760      1.8683      1.9086      1.4312      1.5888      1.7038      1.6396      1.7395      1.8815      1.7336      1.8410      1.9802      1.8442      1.9483      2.1024      1.9610      2.0641      2.2144      2.0486      2.1622      2.3076      
2020-04-10     1.0462      1.2004      1.0844      1.7672      1.8776      1.8838      1.3720      1.5547      1.6683      1.5652      1.6926      1.8450      1.6572      1.7940      1.9444      1.7690      1.8998      2.0644      1.8818      2.0127      2.1770      1.9670      2.1092      2.2706      
2020-04-13     1.1216      1.2278      1.0826      1.7712      1.8858      1.8637      1.3368      1.5218      1.6367      1.4900      1.6434      1.8073      1.5854      1.7459      1.9086      1.6936      1.8505      2.0254      1.8004      1.9597      2.1385      1.8856      2.0545      2.2329      
2020-04-14     1.1592      1.1898      1.0707      1.7580      1.8402      1.8391      1.3378      1.4819      1.6076      1.4288      1.5952      1.7703      1.5314      1.6971      1.8728      1.6330      1.8010      1.9867      1.7306      1.9082      2.0998      1.8182      2.0004      2.1950      
2020-04-15     1.1408      1.1085      1.0566      1.7366      1.7887      1.8259      1.3412      1.4315      1.5826      1.3864      1.5466      1.7342      1.4914      1.6485      1.8379      1.5890      1.7516      1.9489      1.6828      1.8573      2.0614      1.7704      1.9466      2.1565      
2020-04-16     1.0448      1.0384      1.0436      1.7320      1.7540      1.8212      1.3482      1.3897      1.5598      1.3566      1.4981      1.6988      1.4654      1.5995      1.8033      1.5592      1.7017      1.9116      1.6496      1.8053      2.0222      1.7382      1.8934      2.1180      
2020-04-17     0.9182      0.9822      1.0371      1.7168      1.7420      1.8134      1.3446      1.3583      1.5385      1.3382      1.4517      1.6638      1.4446      1.5509      1.7683      1.5378      1.6534      1.8744      1.6280      1.7549      1.9838      1.7160      1.8415      2.0796      
2020-04-20     0.8218      0.9717      1.0421      1.6934      1.7323      1.8029      1.3350      1.3359      1.5155      1.3254      1.4077      1.6292      1.4264      1.5059      1.7336      1.5184      1.6060      1.8376      1.6100      1.7052      1.9456      1.6992      1.7924      2.0414      
2020-04-21     0.8032      0.9812      1.0449      1.6732      1.7156      1.7929      1.3190      1.3284      1.4942      1.3152      1.3720      1.5962      1.4136      1.4725      1.6998      1.5032      1.5681      1.8021      1.5956      1.6631      1.9086      1.6874      1.7528      2.0046      
2020-04-22     0.8232      0.9820      1.0493      1.6620      1.6993      1.7871      1.3082      1.3247      1.4756      1.3070      1.3467      1.5643      1.4024      1.4469      1.6666      1.4922      1.5406      1.7678      1.5850      1.6339      1.8728      1.6802      1.7253      1.9688      
2020-04-23     0.8614      0.9531      1.0516      1.6632      1.6976      1.7830      1.3084      1.3283      1.4586      1.3024      1.3295      1.5345      1.3960      1.4307      1.6359      1.4862      1.5227      1.7355      1.5804      1.6150      1.8396      1.6780      1.7081      1.9352      
2020-04-24     0.9006      0.9094      1.0549      1.6594      1.6881      1.7829      1.3104      1.3275      1.4411      1.3012      1.3197      1.5062      1.3946      1.4196      1.6068      1.4836      1.5107      1.7053      1.5780      1.6030      1.8079      1.6780      1.6970      1.9031      
2020-04-26     0.9030      0.8624      1.0451      1.6442      1.6688      1.7773      1.3108      1.3229      1.4224      1.3026      1.3140      1.4787      1.3952      1.4108      1.5784      1.4848      1.5016      1.6761      1.5790      1.5945      1.7771      1.6796      1.6894      1.8720      
2020-04-27     0.8976      0.8504      1.0201      1.6778      1.6755      1.7579      1.3114      1.3152      1.3986      1.3036      1.3094      1.4523      1.3954      1.4045      1.5508      1.4862      1.4947      1.6479      1.5806      1.5881      1.7482      1.6812      1.6843      1.8424      
2020-04-28     0.8922      0.8577      0.9831      1.6866      1.6743      1.7315      1.3132      1.3107      1.3711      1.3044      1.3057      1.4262      1.3968      1.3996      1.5241      1.4872      1.4897      1.6207      1.5816      1.5833      1.7203      1.6822      1.6812      1.8139      
2020-04-29     0.8458      0.8536      0.9460      1.7050      1.6841      1.7191      1.3182      1.3133      1.3515      1.3050      1.3037      1.4009      1.3974      1.3967      1.4981      1.4880      1.4871      1.5944      1.5826      1.5815      1.6934      1.6818      1.6799      1.7867      
2020-04-30     1.0410      0.9708      0.9765      1.7452      1.7023      1.7222      1.3570      1.3337      1.3460      1.3074      1.3043      1.3780      1.3982      1.3964      1.4737      1.4894      1.4865      1.5700      1.5838      1.5809      1.6679      1.6818      1.6799      1.7607      
2020-05-06     1.1560      1.0295      1.0006      1.7866      1.7154      1.7239      1.3668      1.3388      1.3374      1.3080      1.3053      1.3565      1.3988      1.3970      1.4515      1.4902      1.4875      1.5468      1.5850      1.5820      1.6436      1.6822      1.6809      1.7367      
2020-05-07     1.2098      1.0537      1.0175      1.7994      1.7386      1.7271      1.3690      1.3402      1.3343      1.3074      1.3055      1.3388      1.3994      1.3974      1.4350      1.4910      1.4886      1.5284      1.5868      1.5837      1.6234      1.6824      1.6818      1.7173      
