日期           O/N                                 1W                                  2W                                  1M                                  3M                                  6M                                  9M                                  1Y                                  
===========================================================================================================================================
               5日均值     10日均值    20日均值    5日均值     10日均值    20日均值    5日均值     10日均值    20日均值    5日均值     10日均值    20日均值    5日均值     10日均值    20日均值    5日均值     10日均值    20日均值    5日均值     10日均值    20日均值    5日均值     10日均值    20日均值    
2017-01-03     2.2352      2.2824      2.2931      2.5536      2.5482      2.5244      2.8086      2.7879      2.7401      3.2992      3.2682      3.1733      3.2659      3.2452      3.1942      3.2843      3.2638      3.2128      3.3122      3.2966      3.2463      3.3689      3.3556      3.3061      
2017-01-04     2.2168      2.2651      2.2868      2.5532      2.5489      2.5270      2.8124      2.7937      2.7471      3.3068      3.2804      3.1906      3.2739      3.2539      3.2036      3.2918      3.2725      3.2221      3.3205      3.3039      3.2560      3.3750      3.3627      3.3153      
2017-01-05     2.1936      2.2436      2.2787      2.5390      2.5419      2.5261      2.8110      2.7969      2.7529      3.3195      3.2941      3.2085      3.2897      3.2661      3.2149      3.3056      3.2839      3.2324      3.3336      3.3130      3.2661      3.3890      3.3724      3.3259      
2017-01-06     2.1706      2.2207      2.2697      2.5184      2.5316      2.5236      2.8048      2.7981      2.7581      3.3417      3.3114      3.2275      3.3245      3.2873      3.2311      3.3365      3.3033      3.2473      3.3595      3.3288      3.2797      3.4132      3.3866      3.3388      
2017-01-09     2.1434      2.1978      2.2598      2.4918      2.5183      2.5195      2.7922      2.7970      2.7622      3.3753      3.3332      3.2484      3.3730      3.3154      3.2505      3.3811      3.3291      3.2656      3.3949      3.3497      3.2957      3.4452      3.4045      3.3534      
2017-01-10     2.1208      2.1780      2.2500      2.4538      2.5037      2.5147      2.7812      2.7949      2.7660      3.4191      3.3591      3.2712      3.4272      3.3466      3.2713      3.4300      3.3571      3.2857      3.4337      3.3729      3.3128      3.4792      3.4240      3.3688      
2017-01-11     2.1072      2.1620      2.2404      2.4228      2.4880      2.5094      2.7708      2.7916      2.7690      3.4679      3.3873      3.2949      3.4861      3.3800      3.2930      3.4843      3.3881      3.3067      3.4757      3.3981      3.3306      3.5146      3.4448      3.3841      
2017-01-12     2.1018      2.1477      2.2306      2.4068      2.4729      2.5042      2.7610      2.7860      2.7712      3.5240      3.4218      3.3215      3.5491      3.4194      3.3179      3.5393      3.4224      3.3291      3.5167      3.4252      3.3488      3.5451      3.4671      3.3996      
2017-01-13     2.1002      2.1354      2.2202      2.3982      2.4583      2.4988      2.7571      2.7810      2.7741      3.5764      3.4591      3.3489      3.5988      3.4616      3.3441      3.5809      3.4587      3.3522      3.5459      3.4527      3.3668      3.5678      3.4905      3.4154      
2017-01-16     2.1098      2.1266      2.2108      2.4010      2.4464      2.4941      2.7604      2.7763      2.7775      3.6187      3.4970      3.3754      3.6361      3.5046      3.3703      3.6114      3.4962      3.3753      3.5660      3.4805      3.3845      3.5832      3.5142      3.4310      
2017-01-17     2.1419      2.1313      2.2069      2.4145      2.4342      2.4912      2.7695      2.7754      2.7816      3.6547      3.5369      3.4025      3.6701      3.5487      3.3969      3.6380      3.5340      3.3989      3.5834      3.5086      3.4026      3.5990      3.5391      3.4473      
2017-01-18     2.1867      2.1469      2.2060      2.4373      2.4301      2.4895      2.7899      2.7804      2.7870      3.6915      3.5797      3.4300      3.7028      3.5944      3.4242      3.6615      3.5729      3.4227      3.5990      3.5374      3.4207      3.6158      3.5652      3.4640      
2017-01-19     2.2389      2.1703      2.2070      2.4661      2.4365      2.4892      2.8322      2.7966      2.7968      3.7228      3.6234      3.4587      3.7327      3.6409      3.4535      3.6848      3.6121      3.4480      3.6125      3.5646      3.4388      3.6310      3.5881      3.4802      
2017-01-20     2.2933      2.1967      2.2087      2.5051      2.4517      2.4916      2.8812      2.8192      2.8086      3.7523      3.6644      3.4879      3.7595      3.6792      3.4832      3.7041      3.6425      3.4729      3.6245      3.5852      3.4570      3.6446      3.6062      3.4964      
2017-01-22     2.3027      2.2062      2.2020      2.5418      2.4714      2.4948      2.9276      2.8440      2.8205      3.7769      3.6978      3.5155      3.7851      3.7106      3.5130      3.7244      3.6679      3.4985      3.6363      3.6012      3.4754      3.6579      3.6206      3.5125      
2017-01-23     2.2864      2.2141      2.1961      2.5758      2.4952      2.4994      2.9703      2.8699      2.8324      3.7969      3.7258      3.5425      3.8087      3.7394      3.5430      3.7429      3.6905      3.5238      3.6473      3.6154      3.4941      3.6685      3.6337      3.5289      
2017-01-24     2.2536      2.2201      2.1911      2.6074      2.5224      2.5052      3.0070      2.8985      2.8450      3.8097      3.7506      3.5690      3.8269      3.7649      3.5724      3.7593      3.7104      3.5492      3.6576      3.6283      3.5132      3.6763      3.6460      3.5454      
2017-01-25     2.2138      2.2263      2.1870      2.6366      2.5514      2.5121      3.0296      2.9309      2.8585      3.8166      3.7697      3.5957      3.8373      3.7850      3.6022      3.7749      3.7298      3.5761      3.6697      3.6411      3.5331      3.6870      3.6590      3.5630      
2017-01-26     2.2445      2.2689      2.2021      2.6562      2.5807      2.5195      3.0633      2.9723      2.8766      3.8229      3.7876      3.6233      3.8472      3.8033      3.6325      3.7939      3.7490      3.6039      3.6850      3.6547      3.5537      3.7011      3.6728      3.5816      
2017-02-03     2.2503      2.2765      2.2015      2.6652      2.6035      2.5249      3.0742      3.0009      2.8886      3.8365      3.8067      3.6519      3.8647      3.8249      3.6647      3.8169      3.7706      3.6334      3.7079      3.6721      3.5763      3.7229      3.6904      3.6023      
2017-02-04     2.2667      2.2765      2.2039      2.6674      2.6216      2.5279      3.0786      3.0245      2.8999      3.8523      3.8246      3.6808      3.8836      3.8462      3.6974      3.8429      3.7929      3.6634      3.7364      3.6919      3.6002      3.7502      3.7093      3.6242      
2017-02-06     2.2895      2.2715      2.2092      2.6606      2.6340      2.5320      3.0821      3.0446      2.9125      3.8701      3.8399      3.7098      3.9055      3.8662      3.7303      3.8707      3.8150      3.6939      3.7701      3.7138      3.6256      3.7830      3.7296      3.6474      
2017-02-07     2.3127      2.2632      2.2168      2.6495      2.6430      2.5398      3.0821      3.0558      2.9262      3.8903      3.8534      3.7384      3.9377      3.8875      3.7642      3.8964      3.8356      3.7238      3.8050      3.7374      3.6510      3.8166      3.7518      3.6699      
2017-02-08     2.2621      2.2533      2.2250      2.6379      2.6470      2.5494      3.0639      3.0636      2.9414      3.9121      3.8675      3.7659      3.9855      3.9163      3.7977      3.9233      3.8586      3.7506      3.8380      3.7615      3.6733      3.8491      3.7751      3.6906      
2017-02-09     2.2729      2.2616      2.2339      2.6343      2.6497      2.5606      3.0688      3.0715      2.9578      3.9336      3.8851      3.7914      4.0308      3.9477      3.8292      3.9486      3.8828      3.7753      3.8656      3.7868      3.6940      3.8753      3.7991      3.7098      
2017-02-10     2.2751      2.2709      2.2425      2.6293      2.6484      2.5718      3.0784      3.0785      2.9742      3.9543      3.9033      3.8146      4.0784      3.9810      3.8602      3.9722      3.9075      3.7990      3.8895      3.8130      3.7142      3.8980      3.8241      3.7289      
2017-02-13     2.2723      2.2809      2.2505      2.6283      2.6445      2.5834      3.0865      3.0843      2.9914      3.9747      3.9224      3.8365      4.1290      4.0173      3.8911      4.0023      3.9365      3.8234      3.9102      3.8401      3.7342      3.9178      3.8504      3.7482      
2017-02-14     2.2683      2.2905      2.2584      2.6268      2.6381      2.5948      3.0929      3.0875      3.0092      3.9918      3.9410      3.8554      4.1688      4.0532      3.9191      4.0339      3.9652      3.8475      3.9285      3.8668      3.7539      3.9350      3.8758      3.7674      
2017-02-15     2.2661      2.2641      2.2665      2.6256      2.6317      2.6062      3.0964      3.0802      3.0262      4.0060      3.9591      3.8733      4.1948      4.0901      3.9467      4.0671      3.9952      3.8721      3.9476      3.8928      3.7738      3.9515      3.9003      3.7866      
2017-02-16     2.2783      2.2756      2.2760      2.6275      2.6309      2.6172      3.1000      3.0844      3.0426      4.0196      3.9766      3.8917      4.2163      4.1236      3.9742      4.0955      4.0220      3.8963      3.9644      3.9150      3.7935      3.9663      3.9208      3.8056      
2017-02-17     2.2968      2.2859      2.2812      2.6357      2.6325      2.6271      3.1044      3.0914      3.0579      4.0338      3.9941      3.9093      4.2331      4.1557      4.0010      4.1225      4.0473      3.9201      3.9787      3.9341      3.8130      3.9793      3.9387      3.8240      
2017-02-20     2.3257      2.2990      2.2853      2.6461      2.6372      2.6356      3.1109      3.0987      3.0717      4.0478      4.0112      3.9256      4.2450      4.1870      4.0266      4.1418      4.0720      3.9435      3.9898      3.9500      3.8319      3.9900      3.9539      3.8418      
2017-02-21     2.3701      2.3192      2.2912      2.6601      2.6435      2.6432      3.1189      3.1059      3.0809      4.0610      4.0264      3.9399      4.2561      4.2124      4.0500      4.1566      4.0953      3.9655      3.9983      3.9634      3.8504      3.9985      3.9667      3.8593      
2017-02-22     2.4138      2.3400      2.2966      2.6759      2.6508      2.6489      3.1267      3.1115      3.0876      4.0718      4.0389      3.9532      4.2638      4.2293      4.0728      4.1655      4.1163      3.9874      4.0047      3.9761      3.8688      4.0060      3.9788      3.8769      
2017-02-23     2.4526      2.3655      2.3135      2.6904      2.6590      2.6543      3.1339      3.1170      3.0942      4.0800      4.0498      3.9674      4.2702      4.2433      4.0955      4.1738      4.1347      4.0087      4.0111      3.9877      3.8872      4.0140      3.9902      3.8946      
2017-02-24     2.4758      2.3863      2.3286      2.7026      2.6691      2.6587      3.1413      3.1228      3.1007      4.0852      4.0595      3.9814      4.2755      4.2543      4.1176      4.1805      4.1515      4.0295      4.0176      3.9982      3.9056      4.0212      4.0003      3.9122      
2017-02-27     2.4808      2.4032      2.3421      2.7098      2.6779      2.6612      3.1454      3.1281      3.1062      4.0866      4.0672      3.9948      4.2791      4.2620      4.1397      4.1856      4.1637      4.0501      4.0236      4.0067      3.9234      4.0280      4.0090      3.9297      
2017-02-28     2.4828      2.4264      2.3585      2.7172      2.6887      2.6634      3.1492      3.1341      3.1108      4.0862      4.0736      4.0073      4.2818      4.2690      4.1611      4.1897      4.1732      4.0692      4.0305      4.0144      3.9406      4.0353      4.0169      3.9464      
2017-03-01     2.4848      2.4493      2.3567      2.7218      2.6989      2.6653      3.1534      3.1400      3.1101      4.0845      4.0781      4.0186      4.2839      4.2738      4.1820      4.1932      4.1794      4.0873      4.0365      4.0206      3.9567      4.0408      4.0234      3.9619      
2017-03-02     2.4716      2.4621      2.3689      2.7250      2.7077      2.6693      3.1576      3.1458      3.1151      4.0825      4.0813      4.0289      4.2852      4.2777      4.2006      4.1956      4.1847      4.1034      4.0413      4.0262      3.9706      4.0445      4.0293      3.9750      
2017-03-03     2.4502      2.4630      2.3745      2.7118      2.7072      2.6698      3.1552      3.1482      3.1198      4.0813      4.0832      4.0386      4.2867      4.2811      4.2184      4.1976      4.1891      4.1182      4.0446      4.0311      3.9826      4.0475      4.0343      3.9865      
2017-03-06     2.4441      2.4625      2.3807      2.6988      2.7043      2.6707      3.1526      3.1490      3.1239      4.0839      4.0853      4.0482      4.2891      4.2841      4.2356      4.1994      4.1925      4.1323      4.0477      4.0357      3.9928      4.0495      4.0388      3.9963      
2017-03-07     2.4264      2.4546      2.3869      2.6820      2.6996      2.6715      3.1490      3.1491      3.1275      4.0882      4.0872      4.0568      4.2907      4.2863      4.2493      4.2004      4.1951      4.1452      4.0493      4.0399      4.0016      4.0507      4.0430      4.0049      
2017-03-08     2.4087      2.4467      2.3934      2.6672      2.6945      2.6726      3.1476      3.1505      3.1310      4.0940      4.0892      4.0641      4.2917      4.2878      4.2585      4.2006      4.1969      4.1566      4.0508      4.0436      4.0099      4.0515      4.0461      4.0125      
2017-03-09     2.3980      2.4348      2.4001      2.6526      2.6888      2.6739      3.1460      3.1518      3.1344      4.0999      4.0912      4.0705      4.2925      4.2888      4.2660      4.2008      4.1982      4.1664      4.0524      4.0468      4.0173      4.0525      4.0485      4.0193      
2017-03-10     2.4046      2.4274      2.4068      2.6518      2.6818      2.6755      3.1506      3.1529      3.1379      4.1060      4.0936      4.0766      4.2932      4.2900      4.2721      4.2014      4.1995      4.1755      4.0545      4.0495      4.0239      4.0533      4.0504      4.0253      
2017-03-13     2.3997      2.4219      2.4126      2.6524      2.6756      2.6768      3.1558      3.1542      3.1412      4.1115      4.0977      4.0824      4.2932      4.2912      4.2766      4.2023      4.2009      4.1823      4.0572      4.0525      4.0296      4.0553      4.0524      4.0307      
2017-03-14     2.3941      2.4103      2.4183      2.6540      2.6680      2.6783      3.1614      3.1552      3.1446      4.1180      4.1031      4.0884      4.2933      4.2920      4.2805      4.2050      4.2027      4.1879      4.0622      4.0558      4.0351      4.0584      4.0546      4.0357      
2017-03-15     2.3903      2.3995      2.4244      2.6542      2.6607      2.6798      3.1667      3.1572      3.1486      4.1277      4.1109      4.0945      4.2934      4.2925      4.2832      4.2089      4.2048      4.1921      4.0684      4.0596      4.0401      4.0640      4.0578      4.0406      
2017-03-16     2.3970      2.3975      2.4298      2.6612      2.6569      2.6823      3.1776      3.1618      3.1538      4.1495      4.1247      4.1030      4.2998      4.2962      4.2869      4.2203      4.2106      4.1977      4.0789      4.0657      4.0459      4.0743      4.0634      4.0463      
2017-03-17     2.4432      2.4239      2.4435      2.6752      2.6635      2.6853      3.1926      3.1716      3.1599      4.1820      4.1440      4.1136      4.3111      4.3022      4.2916      4.2379      4.2197      4.2044      4.0937      4.0741      4.0526      4.0882      4.0707      4.0525      
2017-03-20     2.4939      2.4468      2.4546      2.6948      2.6736      2.6889      3.2138      3.1848      3.1669      4.2209      4.1662      4.1257      4.3269      4.3100      4.2971      4.2586      4.2305      4.2115      4.1108      4.0840      4.0598      4.1046      4.0800      4.0594      
2017-03-21     2.5482      2.4712      2.4629      2.7180      2.6860      2.6928      3.2416      3.2015      3.1753      4.2652      4.1916      4.1394      4.3453      4.3193      4.3028      4.2801      4.2426      4.2188      4.1279      4.0951      4.0675      4.1222      4.0903      4.0667      
2017-03-22     2.6010      2.4956      2.4712      2.7450      2.6996      2.6970      3.2726      3.2196      3.1851      4.3136      4.2207      4.1550      4.3682      4.3308      4.3093      4.3052      4.2571      4.2270      4.1454      4.1069      4.0753      4.1388      4.1014      4.0738      
2017-03-23     2.6442      2.5206      2.4777      2.7676      2.7144      2.7016      3.3028      3.2402      3.1960      4.3588      4.2542      4.1727      4.3907      4.3453      4.3171      4.3254      4.2729      4.2355      4.1590      4.1190      4.0829      4.1521      4.1132      4.0808      
2017-03-24     2.6384      2.5408      2.4841      2.7794      2.7273      2.7045      3.3280      3.2603      3.2066      4.3949      4.2884      4.1910      4.4109      4.3610      4.3255      4.3405      4.2892      4.2444      4.1680      4.1308      4.0902      4.1639      4.1260      4.0882      
2017-03-27     2.6083      2.5511      2.4865      2.7899      2.7423      2.7090      3.3418      3.2778      3.2160      4.4174      4.3191      4.2084      4.4240      4.3754      4.3333      4.3506      4.3046      4.2527      4.1745      4.1426      4.0976      4.1727      4.1386      4.0955      
2017-03-28     2.5683      2.5583      2.4843      2.7945      2.7562      2.7121      3.3472      3.2944      3.2248      4.4283      4.3468      4.2249      4.4317      4.3885      4.3402      4.3574      4.3188      4.2607      4.1797      4.1538      4.1048      4.1799      4.1510      4.1028      
2017-03-29     2.5424      2.5717      2.4856      2.7983      2.7716      2.7162      3.3507      3.3116      3.2344      4.4282      4.3709      4.2409      4.4328      4.4005      4.3465      4.3588      4.3320      4.2684      4.1838      4.1646      4.1121      4.1859      4.1624      4.1101      
2017-03-30     2.5124      2.5783      2.4879      2.8011      2.7843      2.7206      3.3543      3.3286      3.2452      4.4156      4.3872      4.2560      4.4248      4.4078      4.3520      4.3568      4.3411      4.2758      4.1872      4.1731      4.1194      4.1917      4.1719      4.1176      
2017-03-31     2.4993      2.5688      2.4964      2.8143      2.7968      2.7302      3.3629      3.3455      3.2585      4.3940      4.3945      4.2692      4.4131      4.4120      4.3571      4.3535      4.3470      4.2833      4.1905      4.1792      4.1266      4.1950      4.1795      4.1251      
2017-04-01     2.5023      2.5553      2.5011      2.8100      2.7999      2.7368      3.3665      3.3542      3.2695      4.3715      4.3944      4.2803      4.3986      4.4113      4.3607      4.3518      4.3512      4.2908      4.1933      4.1839      4.1339      4.1975      4.1851      4.1325      
2017-04-05     2.5100      2.5392      2.5052      2.7998      2.7971      2.7416      3.3607      3.3540      3.2778      4.3399      4.3841      4.2879      4.3811      4.4064      4.3629      4.3500      4.3537      4.2981      4.1950      4.1874      4.1412      4.1992      4.1895      4.1399      
2017-04-06     2.5132      2.5278      2.5117      2.7879      2.7931      2.7463      3.3449      3.3478      3.2837      4.2964      4.3623      4.2915      4.3621      4.3975      4.3641      4.3484      4.3536      4.3053      4.1960      4.1899      4.1484      4.2001      4.1930      4.1472      
2017-04-07     2.5110      2.5117      2.5161      2.7719      2.7865      2.7504      3.3181      3.3362      3.2882      4.2432      4.3294      4.2918      4.3424      4.3836      4.3644      4.3464      4.3516      4.3122      4.1966      4.1919      4.1554      4.2000      4.1959      4.1545      
2017-04-10     2.4917      2.4955      2.5181      2.7433      2.7788      2.7530      3.2812      3.3220      3.2912      4.1881      4.2910      4.2897      4.3219      4.3675      4.3643      4.3428      4.3482      4.3187      4.1971      4.1938      4.1623      4.2002      4.1976      4.1618      
2017-04-11     2.4739      2.4881      2.5196      2.7251      2.7676      2.7549      3.2479      3.3072      3.2925      4.1323      4.2519      4.2855      4.3046      4.3516      4.3635      4.3370      4.3444      4.3245      4.1972      4.1953      4.1689      4.2004      4.1990      4.1688      
2017-04-12     2.4542      2.4821      2.5202      2.7097      2.7548      2.7555      3.2196      3.2902      3.2923      4.0845      4.2122      4.2795      4.2905      4.3358      4.3622      4.3308      4.3404      4.3296      4.1972      4.1961      4.1750      4.2006      4.1999      4.1755      
2017-04-13     2.4294      2.4713      2.5215      2.6909      2.7394      2.7555      3.1956      3.2703      3.2909      4.0491      4.1728      4.2719      4.2795      4.3208      4.3606      4.3251      4.3368      4.3344      4.1975      4.1968      4.1807      4.2011      4.2006      4.1815      
2017-04-14     2.4161      2.4635      2.5209      2.6775      2.7247      2.7545      3.1781      3.2481      3.2883      4.0250      4.1341      4.2606      4.2720      4.3072      4.3575      4.3209      4.3336      4.3374      4.1979      4.1973      4.1852      4.2013      4.2007      4.1863      
2017-04-17     2.4165      2.4541      2.5115      2.6741      2.7087      2.7528      3.1688      3.2250      3.2852      4.0095      4.0988      4.2466      4.2660      4.2940      4.3530      4.3174      4.3301      4.3386      4.1982      4.1977      4.1884      4.2016      4.2009      4.1902      
2017-04-18     2.4321      2.4530      2.5041      2.6802      2.7027      2.7513      3.1684      3.2082      3.2812      4.0014      4.0669      4.2306      4.2630      4.2838      4.3475      4.3159      4.3265      4.3388      4.1986      4.1979      4.1909      4.2018      4.2011      4.1931      
2017-04-19     2.4694      2.4618      2.5005      2.6980      2.7039      2.7505      3.1782      3.1989      3.2764      3.9989      4.0417      4.2129      4.2631      4.2768      4.3416      4.3172      4.3240      4.3389      4.2007      4.1989      4.1931      4.2039      4.2022      4.1959      
2017-04-20     2.5065      2.4680      2.4979      2.7183      2.7046      2.7489      3.1926      3.1941      3.2710      3.9996      4.0244      4.1934      4.2650      4.2722      4.3349      4.3187      4.3219      4.3378      4.2028      4.2002      4.1951      4.2058      4.2035      4.1982      
2017-04-21     2.5440      2.4801      2.4959      2.7355      2.7065      2.7465      3.2061      3.1921      3.2642      4.0021      4.0135      4.1715      4.2679      4.2700      4.3268      4.3203      4.3206      4.3361      4.2058      4.2019      4.1969      4.2085      4.2049      4.2004      
2017-04-24     2.5983      2.5074      2.5015      2.7555      2.7148      2.7468      3.2196      3.1942      3.2581      4.0046      4.0071      4.1490      4.2715      4.2688      4.3181      4.3228      4.3201      4.3342      4.2093      4.2038      4.1988      4.2115      4.2066      4.2021      
2017-04-25     2.6514      2.5418      2.5149      2.7748      2.7275      2.7475      3.2356      3.2020      3.2546      4.0071      4.0042      4.1281      4.2759      4.2694      4.3105      4.3257      4.3208      4.3326      4.2137      4.2062      4.2007      4.2156      4.2087      4.2038      
2017-04-26     2.6882      2.5788      2.5305      2.7885      2.7432      2.7490      3.2491      3.2136      3.2519      4.0091      4.0040      4.1081      4.2804      4.2717      4.3038      4.3274      4.3223      4.3314      4.2170      4.2088      4.2025      4.2182      4.2111      4.2055      
2017-04-27     2.7269      2.6167      2.5440      2.8058      2.7621      2.7508      3.2623      3.2275      3.2489      4.0113      4.0055      4.0891      4.2842      4.2746      4.2977      4.3292      4.3240      4.3304      4.2199      4.2114      4.2041      4.2209      4.2134      4.2070      
2017-04-28     2.7674      2.6557      2.5596      2.8278      2.7817      2.7532      3.2772      3.2417      3.2449      4.0142      4.0081      4.0711      4.2881      4.2780      4.2926      4.3314      4.3258      4.3297      4.2224      4.2141      4.2057      4.2239      4.2162      4.2084      
2017-05-02     2.7878      2.6931      2.5736      2.8444      2.8000      2.7543      3.2924      3.2560      3.2405      4.0176      4.0111      4.0549      4.2923      4.2819      4.2880      4.3338      4.3283      4.3292      4.2255      4.2174      4.2075      4.2270      4.2193      4.2101      
2017-05-03     2.8065      2.7290      2.5910      2.8642      2.8195      2.7611      3.3086      3.2721      3.2402      4.0228      4.0149      4.0409      4.3017      4.2888      4.2863      4.3380      4.3319      4.3292      4.2294      4.2216      4.2097      4.2315      4.2236      4.2124      
2017-05-04     2.8248      2.7565      2.6092      2.8856      2.8370      2.7704      3.3257      3.2874      3.2431      4.0293      4.0192      4.0304      4.3136      4.2970      4.2869      4.3439      4.3356      4.3298      4.2337      4.2254      4.2121      4.2367      4.2275      4.2149      
2017-05-05     2.8334      2.7801      2.6241      2.9003      2.8531      2.7788      3.3402      3.3012      3.2477      4.0355      4.0234      4.0239      4.3274      4.3058      4.2890      4.3505      4.3399      4.3309      4.2382      4.2291      4.2146      4.2419      4.2314      4.2174      
2017-05-08     2.8332      2.8003      2.6402      2.9081      2.8680      2.7873      3.3531      3.3152      3.2536      4.0397      4.0269      4.0202      4.3425      4.3153      4.2926      4.3581      4.3448      4.3327      4.2431      4.2328      4.2173      4.2471      4.2355      4.2202      
2017-05-09     2.8337      2.8107      2.6591      2.9182      2.8813      2.7981      3.3647      3.3286      3.2614      4.0431      4.0303      4.0187      4.3594      4.3259      4.2973      4.3662      4.3500      4.3351      4.2479      4.2367      4.2202      4.2527      4.2399      4.2232      
2017-05-10     2.8301      2.8183      2.6800      2.9216      2.8929      2.8102      3.3710      3.3398      3.2709      4.0451      4.0340      4.0191      4.3719      4.3368      4.3031      4.3733      4.3557      4.3382      4.2521      4.2408      4.2235      4.2571      4.2443      4.2265      
2017-05-11     2.8225      2.8237      2.7013      2.9221      2.9038      2.8235      3.3749      3.3503      3.2820      4.0465      4.0379      4.0210      4.3841      4.3488      4.3103      4.3797      4.3618      4.3420      4.2560      4.2449      4.2268      4.2614      4.2491      4.2301      
2017-05-12     2.8138      2.8236      2.7202      2.9205      2.9104      2.8362      3.3792      3.3597      3.2936      4.0465      4.0410      4.0232      4.3937      4.3605      4.3176      4.3854      4.3680      4.3460      4.2600      4.2491      4.2302      4.2656      4.2537      4.2336      
2017-05-15     2.7934      2.8133      2.7345      2.9153      2.9117      2.8467      3.3833      3.3682      3.3049      4.0468      4.0432      4.0257      4.4027      4.3726      4.3253      4.3905      4.3743      4.3501      4.2634      4.2532      4.2337      4.2693      4.2582      4.2372      
2017-05-16     2.7786      2.8062      2.7496      2.9072      2.9127      2.8563      3.3869      3.3758      3.3159      4.0475      4.0453      4.0282      4.4113      4.3854      4.3337      4.3949      4.3805      4.3544      4.2668      4.2573      4.2374      4.2727      4.2627      4.2410      
2017-05-17     2.7637      2.7969      2.7629      2.8976      2.9096      2.8646      3.3902      3.3806      3.3264      4.0482      4.0467      4.0308      4.4196      4.3958      4.3423      4.3982      4.3858      4.3588      4.2696      4.2609      4.2412      4.2759      4.2665      4.2450      
2017-05-18     2.7539      2.7882      2.7724      2.8891      2.9056      2.8713      3.3959      3.3854      3.3364      4.0485      4.0475      4.0334      4.4268      4.4054      4.3512      4.4006      4.3902      4.3629      4.2730      4.2645      4.2449      4.2788      4.2701      4.2488      
2017-05-19     2.7387      2.7763      2.7782      2.8829      2.9017      2.8774      3.4023      3.3907      3.3460      4.0506      4.0486      4.0360      4.4378      4.4157      4.3608      4.4042      4.3948      4.3673      4.2767      4.2683      4.2487      4.2829      4.2742      4.2528      
2017-05-22     2.7304      2.7619      2.7811      2.8799      2.8976      2.8828      3.4118      3.3976      3.3564      4.0536      4.0502      4.0386      4.4490      4.4259      4.3706      4.4072      4.3989      4.3718      4.2807      4.2721      4.2524      4.2886      4.2789      4.2572      
2017-05-23     2.7120      2.7453      2.7780      2.8747      2.8910      2.8861      3.4230      3.4049      3.3667      4.0565      4.0520      4.0412      4.4626      4.4370      4.3814      4.4111      4.4030      4.3765      4.2855      4.2761      4.2564      4.2956      4.2842      4.2620      
2017-05-24     2.6861      2.7249      2.7716      2.8669      2.8822      2.8876      3.4338      3.4120      3.3759      4.0595      4.0538      4.0439      4.4791      4.4494      4.3931      4.4160      4.4071      4.3814      4.2923      4.2810      4.2609      4.3034      4.2896      4.2670      
2017-05-25     2.6555      2.7047      2.7642      2.8581      2.8736      2.8887      3.4427      3.4193      3.3848      4.0619      4.0552      4.0466      4.4971      4.4619      4.4054      4.4225      4.4116      4.3867      4.3011      4.2870      4.2660      4.3130      4.2959      4.2725      
2017-05-26     2.6343      2.6865      2.7551      2.8527      2.8678      2.8891      3.4518      3.4270      3.3933      4.0636      4.0571      4.0490      4.5128      4.4753      4.4179      4.4286      4.4164      4.3922      4.3110      4.2939      4.2715      4.3232      4.3030      4.2784      
2017-05-27     2.6196      2.6750      2.7442      2.8499      2.8649      2.8883      3.4577      3.4348      3.4015      4.0651      4.0593      4.0513      4.5285      4.4887      4.4307      4.4353      4.4213      4.3978      4.3217      4.3012      4.2772      4.3336      4.3111      4.2846      
2017-05-31     2.6161      2.6641      2.7351      2.8497      2.8622      2.8875      3.4622      3.4426      3.4092      4.0678      4.0622      4.0537      4.5422      4.5024      4.4439      4.4409      4.4260      4.4033      4.3312      4.3084      4.2828      4.3424      4.3190      4.2909      
2017-06-01     2.6220      2.6541      2.7255      2.8544      2.8606      2.8851      3.4667      3.4503      3.4154      4.0752      4.0674      4.0570      4.5542      4.5167      4.4562      4.4459      4.4309      4.4083      4.3388      4.3156      4.2882      4.3520      4.3277      4.2971      
2017-06-02     2.6589      2.6572      2.7227      2.8626      2.8604      2.8830      3.4719      3.4573      3.4214      4.1002      4.0810      4.0643      4.5677      4.5324      4.4689      4.4483      4.4354      4.4128      4.3444      4.3227      4.2936      4.3606      4.3368      4.3034      
2017-06-05     2.7004      2.6674      2.7218      2.8708      2.8618      2.8817      3.4777      3.4647      3.4277      4.1437      4.1036      4.0761      4.5837      4.5482      4.4820      4.4504      4.4395      4.4172      4.3499      4.3305      4.2994      4.3692      4.3462      4.3102      
2017-06-06     2.7486      2.6841      2.7230      2.8792      2.8646      2.8811      3.4842      3.4710      3.4343      4.2026      4.1338      4.0920      4.6047      4.5666      4.4962      4.4534      4.4444      4.4216      4.3550      4.3383      4.3052      4.3767      4.3551      4.3170      
2017-06-07     2.7831      2.6996      2.7225      2.8864      2.8680      2.8795      3.4924      3.4773      3.4411      4.2734      4.1706      4.1113      4.6316      4.5869      4.5119      4.4603      4.4506      4.4268      4.3613      4.3463      4.3112      4.3850      4.3637      4.3239      
2017-06-08     2.8166      2.7193      2.7221      2.8919      2.8732      2.8777      3.5028      3.4847      3.4484      4.3561      4.2157      4.1347      4.6622      4.6082      4.5288      4.4692      4.4576      4.4323      4.3683      4.3536      4.3173      4.3922      4.3721      4.3309      
2017-06-09     2.8230      2.7409      2.7228      2.8941      2.8784      2.8760      3.5130      3.4925      3.4559      4.4353      4.2678      4.1615      4.6930      4.6304      4.5461      4.4806      4.4645      4.4380      4.3754      4.3599      4.3235      4.3990      4.3798      4.3379      
2017-06-12     2.8257      2.7631      2.7248      2.8947      2.8827      2.8753      3.5243      3.5010      3.4640      4.5042      4.3239      4.1905      4.7238      4.6537      4.5645      4.4932      4.4718      4.4441      4.3807      4.3653      4.3296      4.4052      4.3872      4.3451      
2017-06-13     2.8237      2.7862      2.7306      2.8955      2.8873      2.8761      3.5359      3.5101      3.4724      4.5621      4.3824      4.2208      4.7488      4.6767      4.5827      4.5058      4.4796      4.4504      4.3864      4.3707      4.3359      4.4109      4.3938      4.3524      
2017-06-14     2.8269      2.8050      2.7345      2.8976      2.8920      2.8771      3.5467      3.5195      3.4811      4.6126      4.4430      4.2526      4.7656      4.6986      4.6005      4.5154      4.4879      4.4570      4.3909      4.3761      4.3422      4.4157      4.4004      4.3597      
2017-06-15     2.8293      2.8229      2.7385      2.8998      2.8959      2.8783      3.5553      3.5291      3.4897      4.6486      4.5023      4.2848      4.7739      4.7180      4.6174      4.5234      4.4963      4.4636      4.3950      4.3816      4.3486      4.4198      4.4060      4.3668      
2017-06-16     2.8343      2.8287      2.7429      2.9036      2.8989      2.8796      3.5650      3.5390      3.4982      4.6713      4.5533      4.3172      4.7751      4.7340      4.6332      4.5306      4.5056      4.4705      4.3986      4.3870      4.3549      4.4234      4.4112      4.3740      
2017-06-19     2.8410      2.8334      2.7504      2.9083      2.9015      2.8816      3.5795      3.5519      3.5083      4.6854      4.5948      4.3492      4.7692      4.7465      4.6474      4.5357      4.5145      4.4770      4.4026      4.3917      4.3611      4.4262      4.4157      4.3809      
2017-06-20     2.8501      2.8369      2.7605      2.9143      2.9049      2.8847      3.5981      3.5670      3.5190      4.6865      4.6243      4.3791      4.7555      4.7521      4.6594      4.5383      4.5220      4.4832      4.4064      4.3964      4.3674      4.4294      4.4202      4.3877      
2017-06-21     2.8629      2.8449      2.7723      2.9224      2.9100      2.8890      3.6223      3.5845      3.5309      4.6764      4.6445      4.4076      4.7365      4.7511      4.6690      4.5387      4.5271      4.4889      4.4104      4.4006      4.3734      4.4320      4.4239      4.3938      
2017-06-22     2.8704      2.8498      2.7846      2.9301      2.9150      2.8941      3.6552      3.6053      3.5450      4.6589      4.6537      4.4347      4.7125      4.7432      4.6757      4.5378      4.5306      4.4941      4.4131      4.4040      4.3788      4.4335      4.4267      4.3994      
2017-06-23     2.8618      2.8481      2.7945      2.9345      2.9191      2.8987      3.6912      3.6281      3.5603      4.6369      4.6541      4.4609      4.6862      4.7307      4.6805      4.5350      4.5328      4.4986      4.4152      4.4069      4.3834      4.4345      4.4290      4.4044      
2017-06-26     2.8325      2.8368      2.7999      2.9317      2.9200      2.9014      3.7196      3.6495      3.5753      4.6121      4.6487      4.4863      4.6593      4.7143      4.6840      4.5306      4.5331      4.5025      4.4164      4.4095      4.3874      4.4357      4.4309      4.4091      
2017-06-27     2.7822      2.8162      2.8012      2.9224      2.9184      2.9028      3.7425      3.6703      3.5902      4.5900      4.6383      4.5103      4.6332      4.6943      4.6855      4.5255      4.5319      4.5058      4.4158      4.4111      4.3909      4.4349      4.4322      4.4130      
2017-06-28     2.7163      2.7896      2.7973      2.9053      2.9139      2.9029      3.7575      3.6899      3.6047      4.5679      4.6222      4.5326      4.6060      4.6713      4.6849      4.5185      4.5286      4.5083      4.4139      4.4121      4.3941      4.4337      4.4328      4.4166      
2017-06-29     2.6503      2.7604      2.7916      2.8868      2.9085      2.9022      3.7628      3.7090      3.6190      4.5456      4.6023      4.5523      4.5798      4.6462      4.6821      4.5090      4.5234      4.5099      4.4107      4.4119      4.3968      4.4307      4.4321      4.4191      
2017-06-30     2.6119      2.7369      2.7828      2.8687      2.9016      2.9002      3.7603      3.7258      3.6324      4.5200      4.5785      4.5659      4.5540      4.6201      4.6771      4.4984      4.5167      4.5111      4.4075      4.4114      4.3992      4.4279      4.4312      4.4212      
2017-07-03     2.6125      2.7225      2.7779      2.8557      2.8937      2.8976      3.7565      3.7380      3.6450      4.4903      4.5512      4.5730      4.5286      4.5940      4.6702      4.4882      4.5094      4.5119      4.4045      4.4105      4.4011      4.4244      4.4300      4.4229      
2017-07-04     2.6253      2.7037      2.7703      2.8450      2.8837      2.8943      3.7503      3.7464      3.6567      4.4604      4.5252      4.5748      4.5041      4.5686      4.6604      4.4769      4.5012      4.5116      4.4023      4.4091      4.4027      4.4210      4.4280      4.4241      
2017-07-05     2.6299      2.6731      2.7590      2.8340      2.8697      2.8898      3.7421      3.7498      3.6672      4.4236      4.4958      4.5701      4.4794      4.5427      4.6469      4.4655      4.4920      4.5095      4.4006      4.4073      4.4039      4.4176      4.4257      4.4248      
2017-07-06     2.6316      2.6410      2.7454      2.8222      2.8545      2.8847      3.7318      3.7473      3.6763      4.3798      4.4627      4.5582      4.4527      4.5162      4.6297      4.4543      4.4817      4.5061      4.4000      4.4054      4.4047      4.4159      4.4233      4.4250      
2017-07-07     2.6146      2.6133      2.7307      2.8103      2.8395      2.8793      3.7214      3.7408      3.6845      4.3306      4.4253      4.5397      4.4246      4.4893      4.6100      4.4415      4.4699      4.5014      4.3995      4.4035      4.4052      4.4137      4.4208      4.4249      
2017-07-10     2.5804      2.5965      2.7166      2.7989      2.8273      2.8736      3.7110      3.7337      3.6916      4.2778      4.3840      4.5164      4.3959      4.4623      4.5883      4.4276      4.4579      4.4955      4.3990      4.4018      4.4056      4.4113      4.4178      4.4244      
2017-07-11     2.5667      2.5960      2.7061      2.7953      2.8201      2.8692      3.7023      3.7263      3.6983      4.2221      4.3413      4.4898      4.3680      4.4361      4.5652      4.4161      4.4465      4.4892      4.3986      4.4005      4.4058      4.4095      4.4153      4.4237      
2017-07-12     2.5793      2.6046      2.6971      2.7979      2.8159      2.8649      3.6966      3.7193      3.7046      4.1715      4.2976      4.4599      4.3441      4.4117      4.5415      4.4057      4.4356      4.4821      4.3978      4.3992      4.4057      4.4083      4.4129      4.4229      
2017-07-13     2.6016      2.6166      2.6885      2.8032      2.8127      2.8606      3.6938      3.7128      3.7109      4.1298      4.2548      4.4285      4.3246      4.3886      4.5174      4.3978      4.4261      4.4747      4.3976      4.3988      4.4054      4.4076      4.4118      4.4219      
2017-07-14     2.6204      2.6175      2.6772      2.8066      2.8084      2.8550      3.6912      3.7063      3.7160      4.0947      4.2127      4.3956      4.3086      4.3666      4.4934      4.3928      4.4171      4.4669      4.3970      4.3982      4.4048      4.4068      4.4102      4.4207      
2017-07-17     2.6372      2.6088      2.6657      2.8109      2.8049      2.8493      3.6887      3.6999      3.7189      4.0649      4.1713      4.3613      4.2943      4.3451      4.4696      4.3885      4.4080      4.4587      4.3960      4.3975      4.4040      4.4063      4.4088      4.4194      
2017-07-18     2.6532      2.6099      2.6568      2.8144      2.8049      2.8443      3.6891      3.6957      3.7211      4.0406      4.1314      4.3283      4.2834      4.3257      4.4472      4.3824      4.3993      4.4502      4.3939      4.3963      4.4027      4.4055      4.4075      4.4177      
2017-07-19     2.6684      2.6238      2.6485      2.8197      2.8088      2.8392      3.6902      3.6934      3.7216      4.0220      4.0968      4.2963      4.2736      4.3089      4.4258      4.3779      4.3918      4.4419      4.3918      4.3948      4.4010      4.4043      4.4063      4.4160      
2017-07-20     2.6873      2.6444      2.6427      2.8266      2.8149      2.8347      3.6924      3.6931      3.7202      4.0044      4.0671      4.2649      4.2667      4.2956      4.4059      4.3723      4.3850      4.4334      4.3885      4.3930      4.3992      4.4024      4.4050      4.4142      
2017-07-21     2.7085      2.6644      2.6388      2.8354      2.8210      2.8303      3.6956      3.6934      3.7171      3.9864      4.0405      4.2329      4.2615      4.2850      4.3872      4.3656      4.3792      4.4246      4.3856      4.3913      4.3974      4.4009      4.4038      4.4123      
2017-07-24     2.7235      2.6803      2.6384      2.8433      2.8271      2.8272      3.6992      3.6940      3.7138      3.9700      4.0174      4.2007      4.2583      4.2763      4.3693      4.3589      4.3737      4.4158      4.3826      4.3893      4.3955      4.3991      4.4027      4.4103      
2017-07-25     2.7262      2.6897      2.6428      2.8472      2.8308      2.8255      3.7003      3.6947      3.7105      3.9543      3.9974      4.1694      4.2558      4.2696      4.3528      4.3539      4.3682      4.4073      4.3804      4.3872      4.3938      4.3971      4.4013      4.4083      
2017-07-26     2.7268      2.6976      2.6511      2.8486      2.8341      2.8250      3.7007      3.6955      3.7074      3.9376      3.9798      4.1387      4.2540      4.2638      4.3378      4.3489      4.3634      4.3995      4.3785      4.3852      4.3922      4.3950      4.3997      4.4063      
2017-07-27     2.7333      2.7103      2.6635      2.8505      2.8386      2.8256      3.7003      3.6964      3.7046      3.9216      3.9630      4.1089      4.2530      4.2598      4.3242      4.3456      4.3589      4.3925      4.3775      4.3830      4.3909      4.3937      4.3980      4.4049      
2017-07-28     2.7498      2.7291      2.6733      2.8565      2.8460      2.8272      3.7005      3.6981      3.7022      3.9100      3.9482      4.0804      4.2523      4.2569      4.3117      4.3449      4.3553      4.3862      4.3766      4.3811      4.3897      4.3920      4.3964      4.4033      
2017-07-31     2.7694      2.7464      2.6776      2.8639      2.8536      2.8293      3.7017      3.7005      3.7002      3.9018      3.9359      4.0536      4.2525      4.2554      4.3003      4.3457      4.3523      4.3802      4.3768      4.3797      4.3886      4.3904      4.3948      4.4018      
2017-08-01     2.7883      2.7573      2.6836      2.8713      2.8593      2.8321      3.7037      3.7020      3.6988      3.8954      3.9249      4.0281      4.2543      4.2551      4.2904      4.3472      4.3505      4.3749      4.3777      4.3791      4.3877      4.3903      4.3937      4.4006      
2017-08-02     2.8097      2.7683      2.6960      2.8799      2.8643      2.8365      3.7052      3.7030      3.6982      3.8912      3.9144      4.0056      4.2577      4.2559      4.2824      4.3489      4.3489      4.3704      4.3793      4.3789      4.3869      4.3915      4.3933      4.3998      
2017-08-03     2.8139      2.7736      2.7090      2.8842      2.8674      2.8411      3.7053      3.7028      3.6980      3.8890      3.9053      3.9862      4.2618      4.2574      4.2765      4.3515      4.3486      4.3668      4.3808      4.3792      4.3861      4.3929      4.3933      4.3991      
2017-08-04     2.7951      2.7724      2.7184      2.8819      2.8692      2.8451      3.7047      3.7026      3.6980      3.8873      3.8986      3.9696      4.2660      4.2592      4.2721      4.3531      4.3490      4.3641      4.3820      4.3793      4.3853      4.3947      4.3933      4.3986      
2017-08-07     2.7811      2.7752      2.7278      2.8785      2.8712      2.8492      3.7035      3.7026      3.6983      3.8851      3.8934      3.9554      4.2695      4.2610      4.2687      4.3547      4.3502      4.3619      4.3827      4.3797      4.3845      4.3967      4.3935      4.3981      
2017-08-08     2.7760      2.7822      2.7359      2.8755      2.8734      2.8521      3.7021      3.7029      3.6988      3.8825      3.8889      3.9432      4.2715      4.2629      4.2663      4.3567      4.3519      4.3600      4.3828      4.3802      4.3837      4.3974      4.3939      4.3976      
2017-08-09     2.7700      2.7898      2.7437      2.8736      2.8767      2.8554      3.7011      3.7032      3.6993      3.8801      3.8856      3.9327      4.2743      4.2660      4.2649      4.3589      4.3539      4.3587      4.3825      4.3809      4.3830      4.3978      4.3946      4.3972      
2017-08-10     2.7680      2.7909      2.7506      2.8721      2.8782      2.8584      3.7008      3.7031      3.6997      3.8762      3.8826      3.9228      4.2775      4.2697      4.2648      4.3604      4.3559      4.3574      4.3825      4.3816      4.3823      4.3979      4.3954      4.3967      
2017-08-11     2.7818      2.7884      2.7588      2.8735      2.8777      2.8618      3.7008      3.7028      3.7004      3.8722      3.8797      3.9140      4.2826      4.2743      4.2656      4.3626      4.3579      4.3566      4.3828      4.3824      4.3818      4.3980      4.3963      4.3964      
2017-08-14     2.7894      2.7852      2.7658      2.8741      2.8763      2.8649      3.7010      3.7023      3.7014      3.8668      3.8760      3.9059      4.2909      4.2802      4.2678      4.3664      4.3606      4.3564      4.3835      4.3831      4.3814      4.3980      4.3973      4.3960      
2017-08-15     2.7922      2.7841      2.7707      2.8747      2.8751      2.8672      3.7008      3.7015      3.7017      3.8613      3.8719      3.8984      4.3016      4.2866      4.2708      4.3700      4.3633      4.3569      4.3849      4.3838      4.3814      4.3986      4.3980      4.3959      
2017-08-16     2.7961      2.7830      2.7757      2.8742      2.8739      2.8691      3.7008      3.7010      3.7020      3.8562      3.8681      3.8913      4.3125      4.2934      4.2746      4.3731      4.3660      4.3574      4.3862      4.3844      4.3816      4.3990      4.3984      4.3958      
2017-08-17     2.8038      2.7859      2.7797      2.8774      2.8748      2.8711      3.7020      3.7014      3.7021      3.8540      3.8651      3.8852      4.3235      4.3005      4.2790      4.3767      4.3685      4.3586      4.3875      4.3850      4.3821      4.3993      4.3986      4.3960      
2017-08-18     2.8129      2.7973      2.7849      2.8817      2.8776      2.8734      3.7051      3.7029      3.7028      3.8544      3.8633      3.8810      4.3327      4.3077      4.2834      4.3800      4.3713      4.3601      4.3890      4.3859      4.3826      4.3998      4.3989      4.3961      
2017-08-21     2.8276      2.8085      2.7919      2.8875      2.8808      2.8760      3.7100      3.7055      3.7041      3.8575      3.8622      3.8778      4.3390      4.3150      4.2880      4.3817      4.3740      4.3621      4.3903      4.3869      4.3833      4.4006      4.3993      4.3964      
2017-08-22     2.8315      2.8118      2.7970      2.8924      2.8836      2.8785      3.7156      3.7082      3.7056      3.8622      3.8618      3.8753      4.3438      4.3227      4.2928      4.3832      4.3766      4.3643      4.3910      4.3879      4.3841      4.4012      4.3999      4.3969      
2017-08-23     2.8363      2.8162      2.8030      2.8970      2.8856      2.8812      3.7217      3.7112      3.7072      3.8673      3.8618      3.8737      4.3479      4.3302      4.2981      4.3853      4.3792      4.3665      4.3917      4.3890      4.3849      4.4021      4.4005      4.3976      
2017-08-24     2.8388      2.8213      2.8061      2.8993      2.8884      2.8833      3.7278      3.7149      3.7090      3.8725      3.8632      3.8729      4.3520      4.3377      4.3037      4.3869      4.3818      4.3689      4.3926      4.3900      4.3858      4.4031      4.4012      4.3983      
2017-08-25     2.8427      2.8278      2.8081      2.9024      2.8921      2.8849      3.7325      3.7188      3.7108      3.8770      3.8657      3.8727      4.3570      4.3448      4.3096      4.3881      4.3840      4.3710      4.3932      4.3911      4.3868      4.4042      4.4020      4.3992      
2017-08-28     2.8433      2.8355      2.8103      2.9043      2.8959      2.8861      3.7355      3.7228      3.7125      3.8819      3.8697      3.8728      4.3625      4.3508      4.3155      4.3896      4.3857      4.3731      4.3943      4.3923      4.3877      4.4054      4.4030      4.4002      
2017-08-29     2.8642      2.8479      2.8160      2.9088      2.9006      2.8879      3.7389      3.7272      3.7144      3.8869      3.8745      3.8732      4.3677      4.3557      4.3212      4.3909      4.3871      4.3752      4.3959      4.3935      4.3886      4.4069      4.4041      4.4010      
2017-08-30     2.8799      2.8581      2.8206      2.9136      2.9053      2.8896      3.7424      3.7320      3.7165      3.8929      3.8801      3.8741      4.3736      4.3608      4.3271      4.3925      4.3889      4.3774      4.3977      4.3947      4.3896      4.4087      4.4054      4.4019      
2017-08-31     2.8765      2.8577      2.8218      2.9103      2.9048      2.8898      3.7414      3.7346      3.7180      3.8945      3.8835      3.8743      4.3758      4.3639      4.3322      4.3922      4.3895      4.3790      4.3978      4.3952      4.3901      4.4085      4.4058      4.4022      
2017-09-01     2.8681      2.8554      2.8264      2.9037      2.9030      2.8903      3.7389      3.7357      3.7193      3.8954      3.8862      3.8748      4.3768      4.3669      4.3373      4.3915      4.3898      4.3805      4.3973      4.3953      4.3906      4.4076      4.4059      4.4024      
2017-09-04     2.8479      2.8456      2.8271      2.8938      2.8991      2.8899      3.7357      3.7356      3.7206      3.8978      3.8898      3.8760      4.3825      4.3725      4.3437      4.3914      4.3905      4.3823      4.3961      4.3952      4.3910      4.4064      4.4059      4.4026      
2017-09-05     2.7965      2.8304      2.8211      2.8737      2.8912      2.8874      3.7297      3.7343      3.7213      3.9004      3.8937      3.8777      4.3906      4.3792      4.3509      4.3919      4.3914      4.3840      4.3948      4.3954      4.3917      4.4049      4.4059      4.4029      
2017-09-06     2.7400      2.8100      2.8131      2.8502      2.8819      2.8837      3.7223      3.7324      3.7218      3.9031      3.8980      3.8799      4.3987      4.3862      4.3582      4.3921      4.3923      4.3857      4.3937      4.3957      4.3924      4.4029      4.4058      4.4032      
2017-09-07     2.7019      2.7892      2.8053      2.8337      2.8720      2.8802      3.7178      3.7296      3.7223      3.9114      3.9030      3.8831      4.4111      4.3935      4.3656      4.3947      4.3935      4.3876      4.3950      4.3964      4.3932      4.4032      4.4059      4.4035      
2017-09-08     2.6665      2.7673      2.7976      2.8189      2.8613      2.8767      3.7143      3.7266      3.7227      3.9204      3.9079      3.8868      4.4219      4.3994      4.3721      4.3979      4.3947      4.3894      4.3968      4.3971      4.3941      4.4039      4.4058      4.4039      
2017-09-11     2.6453      2.7466      2.7910      2.8077      2.8508      2.8734      3.7113      3.7235      3.7231      3.9266      3.9122      3.8909      4.4221      4.4023      4.3765      4.3990      4.3952      4.3904      4.3987      4.3974      4.3948      4.4043      4.4053      4.4042      
2017-09-12     2.6420      2.7193      2.7836      2.8044      2.8390      2.8698      3.7100      3.7198      3.7235      3.9318      3.9161      3.8953      4.4140      4.4023      4.3790      4.3979      4.3949      4.3910      4.3993      4.3970      4.3953      4.4038      4.4043      4.4042      
2017-09-13     2.6438      2.6919      2.7750      2.8037      2.8269      2.8661      3.7094      3.7159      3.7240      3.9341      3.9186      3.8993      4.4028      4.4008      4.3808      4.3961      4.3941      4.3915      4.3991      4.3964      4.3956      4.4033      4.4031      4.4043      
2017-09-14     2.6519      2.6769      2.7673      2.8074      2.8205      2.8627      3.7098      3.7138      3.7242      3.9346      3.9230      3.9032      4.3894      4.4003      4.3821      4.3933      4.3940      4.3918      4.3984      4.3967      4.3959      4.4020      4.4026      4.4042      
2017-09-15     2.6638      2.6652      2.7603      2.8133      2.8161      2.8596      3.7124      3.7134      3.7245      3.9374      3.9289      3.9076      4.3767      4.3993      4.3831      4.3903      4.3941      4.3920      4.3978      4.3973      4.3963      4.4011      4.4025      4.4042      
2017-09-18     2.6862      2.6658      2.7557      2.8218      2.8148      2.8569      3.7181      3.7147      3.7251      3.9439      3.9353      3.9125      4.3689      4.3955      4.3840      4.3883      4.3937      4.3921      4.3971      4.3979      4.3965      4.4007      4.4025      4.4042      
2017-09-19     2.7230      2.6825      2.7564      2.8347      2.8196      2.8554      3.7269      3.7184      3.7264      3.9532      3.9425      3.9181      4.3663      4.3902      4.3847      4.3882      4.3931      4.3922      4.3974      4.3983      4.3969      4.4012      4.4025      4.4042      
2017-09-20     2.7510      2.6974      2.7537      2.8474      2.8255      2.8537      3.7364      3.7229      3.7277      3.9641      3.9491      3.9235      4.3655      4.3842      4.3852      4.3888      4.3925      4.3924      4.3981      4.3986      4.3972      4.4018      4.4026      4.4042      
2017-09-21     2.7759      2.7139      2.7516      2.8564      2.8319      2.8520      3.7466      3.7282      3.7289      3.9749      3.9547      3.9288      4.3655      4.3774      4.3854      4.3897      4.3915      4.3925      4.3981      4.3982      4.3973      4.4026      4.4023      4.4041      
2017-09-22     2.7879      2.7259      2.7466      2.8616      2.8375      2.8494      3.7554      3.7339      3.7303      3.9828      3.9601      3.9340      4.3647      4.3707      4.3850      4.3903      4.3903      4.3925      4.3983      4.3980      4.3975      4.4029      4.4020      4.4039      
2017-09-25     2.7883      2.7373      2.7420      2.8725      2.8472      2.8490      3.7624      3.7403      3.7319      3.9883      3.9661      3.9391      4.3634      4.3662      4.3842      4.3905      4.3894      4.3923      4.3983      4.3977      4.3975      4.4033      4.4020      4.4037      
2017-09-26     2.7893      2.7562      2.7377      2.8848      2.8597      2.8494      3.7682      3.7475      3.7337      3.9932      3.9732      3.9446      4.3618      4.3641      4.3832      4.3899      4.3891      4.3920      4.3981      4.3978      4.3974      4.4034      4.4023      4.4033      
2017-09-27     2.8039      2.7775      2.7347      2.9008      2.8741      2.8505      3.7748      3.7556      3.7357      3.9996      3.9819      3.9502      4.3597      4.3626      4.3817      4.3891      4.3889      4.3915      4.3981      4.3981      4.3973      4.4036      4.4027      4.4029      
2017-09-28     2.8262      2.8011      2.7390      2.9205      2.8885      2.8545      3.7806      3.7636      3.7387      4.0130      3.9939      3.9585      4.3574      4.3615      4.3809      4.3880      4.3888      4.3914      4.3983      4.3982      4.3974      4.4040      4.4033      4.4030      
2017-09-29     2.8358      2.8119      2.7385      2.9417      2.9017      2.8589      3.7889      3.7722      3.7428      4.0297      4.0063      3.9676      4.3564      4.3606      4.3800      4.3873      4.3888      4.3915      4.3980      4.3981      4.3977      4.4043      4.4036      4.4031      
2017-09-30     2.8718      2.8301      2.7479      2.9554      2.9140      2.8644      3.7984      3.7804      3.7476      4.0447      4.0165      3.9759      4.3562      4.3598      4.3777      4.3869      4.3887      4.3912      4.3980      4.3981      4.3980      4.4044      4.4038      4.4032      
2017-10-09     2.8524      2.8209      2.7517      2.9536      2.9192      2.8694      3.8058      3.7870      3.7527      4.0558      4.0245      3.9835      4.3551      4.3585      4.3743      4.3869      4.3884      4.3908      4.3982      4.3982      4.3982      4.4042      4.4038      4.4032      
2017-10-10     2.8274      2.8157      2.7565      2.9515      2.9262      2.8759      3.8102      3.7925      3.7577      4.0635      4.0316      3.9903      4.3546      4.3572      4.3707      4.3868      4.3879      4.3902      4.3980      4.3981      4.3983      4.4038      4.4037      4.4031      
2017-10-11     2.7922      2.8092      2.7615      2.9430      2.9318      2.8818      3.8136      3.7971      3.7626      4.0626      4.0378      3.9963      4.3545      4.3560      4.3667      4.3869      4.3875      4.3895      4.3981      4.3982      4.3982      4.4034      4.4037      4.4030      
2017-10-12     2.7628      2.7993      2.7626      2.9274      2.9346      2.8860      3.8118      3.8004      3.7671      4.0580      4.0438      4.0020      4.3549      4.3557      4.3632      4.3872      4.3872      4.3888      4.3980      4.3980      4.3980      4.4027      4.4035      4.4027      
2017-10-13     2.6962      2.7840      2.7606      2.9043      2.9298      2.8885      3.8064      3.8024      3.7713      4.0539      4.0493      4.0077      4.3556      4.3559      4.3610      4.3873      4.3871      4.3882      4.3981      4.3981      4.3979      4.4022      4.4033      4.4027      
2017-10-16     2.6670      2.7597      2.7579      2.8899      2.9217      2.8907      3.7985      3.8021      3.7748      4.0502      4.0530      4.0131      4.3589      4.3570      4.3605      4.3872      4.3871      4.3881      4.3979      4.3981      4.3979      4.4019      4.4030      4.4027      
2017-10-17     2.6395      2.7334      2.7554      2.8717      2.9116      2.8929      3.7905      3.8004      3.7780      4.0461      4.0548      4.0183      4.3623      4.3584      4.3605      4.3874      4.3871      4.3880      4.3979      4.3979      4.3980      4.4016      4.4027      4.4027      
2017-10-18     2.6105      2.7013      2.7512      2.8561      2.8996      2.8940      3.7829      3.7983      3.7809      4.0425      4.0526      4.0233      4.3658      4.3601      4.3608      4.3877      4.3873      4.3881      4.3978      4.3979      4.3981      4.4014      4.4024      4.4028      
2017-10-19     2.5975      2.6801      2.7460      2.8470      2.8872      2.8944      3.7783      3.7951      3.7836      4.0380      4.0480      4.0271      4.3689      4.3619      4.3612      4.3880      4.3876      4.3882      4.3978      4.3979      4.3980      4.4016      4.4021      4.4028      
2017-10-20     2.5921      2.6442      2.7371      2.8443      2.8743      2.8941      3.7761      3.7912      3.7858      4.0329      4.0434      4.0300      4.3721      4.3638      4.3618      4.3883      4.3878      4.3882      4.3980      4.3981      4.3981      4.4019      4.4021      4.4029      
2017-10-23     2.5965      2.6318      2.7263      2.8415      2.8657      2.8924      3.7780      3.7882      3.7876      4.0284      4.0393      4.0319      4.3746      4.3667      4.3626      4.3886      4.3879      4.3882      4.3981      4.3980      4.3981      4.4023      4.4021      4.4029      
2017-10-24     2.6032      2.6214      2.7185      2.8387      2.8552      2.8907      3.7824      3.7864      3.7895      4.0250      4.0355      4.0336      4.3764      4.3693      4.3633      4.3888      4.3881      4.3880      4.3981      4.3980      4.3980      4.4023      4.4019      4.4028      
2017-10-25     2.6168      2.6137      2.7114      2.8412      2.8487      2.8902      3.7884      3.7857      3.7914      4.0219      4.0322      4.0350      4.3784      4.3721      4.3640      4.3889      4.3883      4.3879      4.3981      4.3980      4.3981      4.4025      4.4020      4.4028      
2017-10-26     2.6372      2.6173      2.7083      2.8471      2.8471      2.8908      3.7946      3.7865      3.7934      4.0200      4.0290      4.0364      4.3806      4.3747      4.3652      4.3894      4.3887      4.3880      4.3984      4.3981      4.3981      4.4032      4.4024      4.4029      
2017-10-27     2.6652      2.6286      2.7063      2.8553      2.8498      2.8898      3.8025      3.7893      3.7959      4.0192      4.0260      4.0377      4.3834      4.3778      4.3668      4.3903      4.3893      4.3882      4.3986      4.3983      4.3982      4.4034      4.4027      4.4030      
2017-10-30     2.6860      2.6412      2.7005      2.8661      2.8538      2.8878      3.8118      3.7949      3.7985      4.0192      4.0238      4.0384      4.3861      4.3803      4.3687      4.3912      4.3899      4.3885      4.3994      4.3987      4.3984      4.4049      4.4036      4.4033      
2017-10-31     2.7064      2.6548      2.6941      2.8780      2.8584      2.8850      3.8220      3.8022      3.8013      4.0208      4.0229      4.0389      4.3891      4.3828      4.3706      4.3929      4.3909      4.3890      4.4010      4.3996      4.3988      4.4081      4.4052      4.4040      
2017-11-01     2.7214      2.6691      2.6852      2.8849      2.8631      2.8813      3.8316      3.8100      3.8041      4.0229      4.0224      4.0375      4.3941      4.3863      4.3732      4.3958      4.3924      4.3898      4.4037      4.4009      4.3994      4.4120      4.4073      4.4048      
2017-11-02     2.7078      2.6725      2.6763      2.8828      2.8649      2.8761      3.8374      3.8160      3.8055      4.0249      4.0224      4.0352      4.3992      4.3899      4.3759      4.3995      4.3945      4.3910      4.4074      4.4029      4.4004      4.4168      4.4100      4.4061      
2017-11-03     2.6796      2.6724      2.6583      2.8720      2.8636      2.8690      3.8390      3.8208      3.8060      4.0236      4.0214      4.0324      4.4055      4.3945      4.3791      4.4043      4.3973      4.3925      4.4121      4.4053      4.4017      4.4226      4.4130      4.4075      
2017-11-06     2.6380      2.6620      2.6469      2.8538      2.8599      2.8628      3.8346      3.8232      3.8057      4.0208      4.0200      4.0296      4.4129      4.3995      4.3831      4.4115      4.4014      4.3946      4.4164      4.4079      4.4029      4.4278      4.4164      4.4092      
2017-11-07     2.6012      2.6538      2.6376      2.8325      2.8553      2.8553      3.8254      3.8237      3.8051      4.0149      4.0179      4.0267      4.4201      4.4046      4.3870      4.4183      4.4056      4.3969      4.4202      4.4106      4.4043      4.4323      4.4202      4.4111      
2017-11-08     2.5724      2.6469      2.6303      2.8116      2.8483      2.8485      3.8150      3.8233      3.8045      4.0078      4.0154      4.0238      4.4260      4.4101      4.3911      4.4254      4.4106      4.3995      4.4249      4.4143      4.4061      4.4363      4.4241      4.4131      
2017-11-09     2.5764      2.6421      2.6297      2.8020      2.8424      2.8447      3.8078      3.8226      3.8045      4.0027      4.0138      4.0214      4.4354      4.4173      4.3960      4.4332      4.4164      4.4025      4.4295      4.4184      4.4083      4.4405      4.4286      4.4155      
2017-11-10     2.6044      2.6420      2.6353      2.8061      2.8390      2.8444      3.8044      3.8217      3.8055      4.0021      4.0129      4.0195      4.4460      4.4258      4.4018      4.4413      4.4228      4.4060      4.4344      4.4233      4.4108      4.4452      4.4339      4.4183      
2017-11-13     2.6594      2.6487      2.6450      2.8185      2.8362      2.8450      3.8065      3.8206      3.8077      4.0036      4.0122      4.0180      4.4632      4.4381      4.4092      4.4488      4.4302      4.4100      4.4414      4.4289      4.4138      4.4511      4.4394      4.4215      
2017-11-14     2.7144      2.6578      2.6563      2.8363      2.8344      2.8464      3.8132      3.8193      3.8107      4.0070      4.0110      4.0169      4.4839      4.4520      4.4174      4.4618      4.4401      4.4155      4.4500      4.4351      4.4173      4.4586      4.4455      4.4253      
2017-11-15     2.7566      2.6645      2.6668      2.8556      2.8336      2.8484      3.8216      3.8183      3.8141      4.0116      4.0097      4.0160      4.5054      4.4657      4.4260      4.4786      4.4520      4.4222      4.4620      4.4434      4.4222      4.4705      4.4534      4.4303      
2017-11-16     2.7874      2.6819      2.6772      2.8706      2.8363      2.8506      3.8302      3.8190      3.8175      4.0163      4.0095      4.0160      4.5272      4.4813      4.4356      4.4975      4.4654      4.4299      4.4784      4.4540      4.4284      4.4892      4.4649      4.4374      
2017-11-17     2.7916      2.6980      2.6852      2.8745      2.8403      2.8520      3.8370      3.8207      3.8207      4.0203      4.0112      4.0163      4.5526      4.4993      4.4469      4.5222      4.4818      4.4395      4.4999      4.4672      4.4362      4.5119      4.4785      4.4458      
2017-11-20     2.7914      2.7254      2.6937      2.8745      2.8465      2.8532      3.8424      3.8245      3.8238      4.0237      4.0137      4.0168      4.5739      4.5186      4.4590      4.5499      4.4994      4.4504      4.5209      4.4811      4.4445      4.5336      4.4924      4.4544      
2017-11-21     2.7876      2.7510      2.7024      2.8714      2.8538      2.8546      3.8464      3.8298      3.8267      4.0279      4.0174      4.0177      4.5918      4.5379      4.4712      4.5723      4.5171      4.4613      4.5411      4.4955      4.4531      4.5548      4.5067      4.4635      
2017-11-22     2.7882      2.7724      2.7097      2.8678      2.8617      2.8550      3.8504      3.8360      3.8296      4.0321      4.0218      4.0186      4.6102      4.5578      4.4840      4.5909      4.5347      4.4727      4.5586      4.5103      4.4623      4.5725      4.5215      4.4728      
2017-11-23     2.7888      2.7881      2.7151      2.8648      2.8677      2.8550      3.8558      3.8430      3.8328      4.0345      4.0254      4.0196      4.6275      4.5773      4.4973      4.6069      4.5522      4.4843      4.5713      4.5249      4.4717      4.5833      4.5363      4.4824      
2017-11-24     2.8006      2.7961      2.7191      2.8664      2.8705      2.8548      3.8610      3.8490      3.8353      4.0359      4.0281      4.0205      4.6416      4.5971      4.5114      4.6177      4.5700      4.4964      4.5784      4.5391      4.4812      4.5896      4.5507      4.4923      
2017-11-27     2.8072      2.7993      2.7240      2.8712      2.8729      2.8545      3.8660      3.8542      3.8374      4.0372      4.0305      4.0213      4.6592      4.6166      4.5273      4.6264      4.5882      4.5092      4.5852      4.5530      4.4910      4.5960      4.5648      4.5021      
2017-11-28     2.8054      2.7965      2.7272      2.8756      2.8735      2.8540      3.8712      3.8588      3.8390      4.0376      4.0327      4.0218      4.6800      4.6359      4.5439      4.6379      4.6051      4.5226      4.5918      4.5665      4.5008      4.6021      4.5784      4.5119      
2017-11-29     2.7802      2.7842      2.7244      2.8774      2.8726      2.8531      3.8754      3.8629      3.8406      4.0374      4.0348      4.0222      4.7012      4.6557      4.5607      4.6506      4.6208      4.5364      4.5973      4.5779      4.5107      4.6079      4.5902      4.5218      
2017-11-30     2.7772      2.7830      2.7325      2.8828      2.8738      2.8551      3.8782      3.8670      3.8430      4.0441      4.0393      4.0244      4.7227      4.6751      4.5782      4.6665      4.6367      4.5510      4.6041      4.5877      4.5208      4.6142      4.5988      4.5318      
2017-12-01     2.7462      2.7734      2.7357      2.8784      2.8724      2.8564      3.8790      3.8700      3.8453      4.0691      4.0525      4.0319      4.7411      4.6913      4.5953      4.6815      4.6496      4.5657      4.6105      4.5945      4.5308      4.6205      4.6050      4.5418      
2017-12-04     2.7024      2.7548      2.7401      2.8650      2.8681      2.8573      3.8760      3.8710      3.8477      4.1095      4.0734      4.0435      4.7551      4.7072      4.6129      4.6960      4.6612      4.5803      4.6165      4.6008      4.5410      4.6267      4.6113      4.5519      
2017-12-05     2.6584      2.7319      2.7415      2.8482      2.8619      2.8579      3.8708      3.8710      3.8504      4.1629      4.1002      4.0588      4.7675      4.7237      4.6308      4.7090      4.6735      4.5953      4.6235      4.6077      4.5516      4.6331      4.6176      4.5621      
2017-12-06     2.6364      2.7083      2.7404      2.8302      2.8538      2.8578      3.8644      3.8699      3.8529      4.2234      4.1304      4.0761      4.7754      4.7383      4.6481      4.7195      4.6851      4.6099      4.6300      4.6136      4.5620      4.6389      4.6234      4.5725      
2017-12-07     2.5958      2.6865      2.7373      2.8088      2.8458      2.8568      3.8578      3.8680      3.8555      4.2880      4.1660      4.0957      4.7809      4.7518      4.6646      4.7258      4.6962      4.6242      4.6358      4.6199      4.5724      4.6435      4.6289      4.5826      
2017-12-08     2.5890      2.6676      2.7319      2.7984      2.8384      2.8544      3.8528      3.8659      3.8574      4.3420      4.2056      4.1169      4.7865      4.7638      4.6804      4.7336      4.7076      4.6388      4.6416      4.6261      4.5826      4.6482      4.6343      4.5925      
2017-12-11     2.6066      2.6545      2.7269      2.7988      2.8319      2.8524      3.8510      3.8635      3.8589      4.3858      4.2477      4.1391      4.7903      4.7727      4.6946      4.7418      4.7189      4.6535      4.6470      4.6317      4.5924      4.6527      4.6397      4.6022      
2017-12-12     2.6360      2.6472      2.7219      2.8050      2.8266      2.8501      3.8518      3.8613      3.8601      4.4230      4.2930      4.1628      4.7921      4.7798      4.7078      4.7496      4.7293      4.6672      4.6507      4.6371      4.6018      4.6565      4.6448      4.6116      
2017-12-13     2.6790      2.6577      2.7210      2.8178      2.8240      2.8483      3.8546      3.8595      3.8612      4.4599      4.3417      4.1882      4.7962      4.7858      4.7208      4.7596      4.7396      4.6802      4.6553      4.6427      4.6103      4.6611      4.6500      4.6201      
2017-12-14     2.7226      2.6592      2.7211      2.8332      2.8210      2.8474      3.8584      3.8581      3.8626      4.4916      4.3898      4.2145      4.8017      4.7913      4.7332      4.7720      4.7489      4.6928      4.6608      4.6483      4.6180      4.6680      4.6557      4.6273      
2017-12-15     2.7458      2.6674      2.7204      2.8476      2.8230      2.8477      3.8624      3.8576      3.8638      4.5212      4.4316      4.2421      4.8068      4.7967      4.7440      4.7837      4.7587      4.7041      4.6667      4.6542      4.6243      4.6767      4.6624      4.6337      
2017-12-18     2.7528      2.6797      2.7173      2.8582      2.8285      2.8483      3.8688      3.8599      3.8655      4.5574      4.4716      4.2725      4.8139      4.8021      4.7546      4.7930      4.7674      4.7143      4.6729      4.6600      4.6304      4.6839      4.6683      4.6398      
2017-12-19     2.7558      2.6959      2.7139      2.8668      2.8359      2.8489      3.8756      3.8637      3.8674      4.5968      4.5099      4.3051      4.8218      4.8069      4.7653      4.8014      4.7755      4.7245      4.6801      4.6654      4.6366      4.6906      4.6736      4.6456      
2017-12-20     2.7442      2.7116      2.7100      2.8714      2.8446      2.8492      3.8826      3.8686      3.8693      4.6395      4.5497      4.3401      4.8322      4.8142      4.7763      4.8114      4.7855      4.7353      4.6861      4.6707      4.6422      4.7007      4.6809      4.6522      
2017-12-21     2.7166      2.7196      2.7031      2.8720      2.8526      2.8492      3.8894      3.8739      3.8710      4.6832      4.5874      4.3767      4.8429      4.8223      4.7871      4.8216      4.7968      4.7465      4.6909      4.6758      4.6479      4.7111      4.6895      4.6592      
2017-12-22     2.6942      2.7200      2.6938      2.8712      2.8594      2.8489      3.8970      3.8797      3.8728      4.7350      4.6281      4.4168      4.8575      4.8322      4.7980      4.8342      4.8089      4.7582      4.6955      4.6811      4.6536      4.7209      4.6988      4.6666      
2017-12-25     2.6634      2.7081      2.6813      2.8732      2.8657      2.8488      3.9043      3.8865      3.8750      4.7906      4.6740      4.4608      4.8724      4.8432      4.8079      4.8500      4.8215      4.7702      4.7005      4.6867      4.6592      4.7336      4.7088      4.6742      
2017-12-26     2.6330      2.6944      2.6708      2.8770      2.8719      2.8493      3.9131      3.8943      3.8778      4.8387      4.7178      4.5054      4.8865      4.8542      4.8170      4.8643      4.8329      4.7811      4.7046      4.6924      4.6648      4.7465      4.7186      4.6817      
2017-12-27     2.6202      2.6822      2.6700      2.8832      2.8773      2.8507      3.9249      3.9037      3.8816      4.8772      4.7584      4.5500      4.8979      4.8651      4.8254      4.8740      4.8427      4.7911      4.7089      4.6975      4.6701      4.7540      4.7274      4.6887      
2017-12-28     2.6216      2.6691      2.6642      2.8940      2.8830      2.8520      3.9385      3.9139      3.8860      4.9092      4.7962      4.5930      4.9068      4.8749      4.8331      4.8809      4.8513      4.8001      4.7121      4.7015      4.6749      4.7586      4.7348      4.6953      
2017-12-29     2.6672      2.6807      2.6741      2.9114      2.8913      2.8572      3.9545      3.9257      3.8917      4.9282      4.8316      4.6316      4.9113      4.8844      4.8405      4.8834      4.8588      4.8087      4.7152      4.7054      4.6798      4.7604      4.7407      4.7016      
