日期           O/N                                 1W                                  2W                                  1M                                  3M                                  6M                                  9M                                  1Y                                  
===========================================================================================================================================
               5日均值     10日均值    20日均值    5日均值     10日均值    20日均值    5日均值     10日均值    20日均值    5日均值     10日均值    20日均值    5日均值     10日均值    20日均值    5日均值     10日均值    20日均值    5日均值     10日均值    20日均值    5日均值     10日均值    20日均值    
2008-01-02     2.0901      1.9920      1.9446      2.5302      2.3751      2.9966      2.6353      2.6676      3.6700      3.3448      3.4347      3.9568      4.4267      4.4040      4.3765      4.4550      4.4332      4.3983      4.5057      4.4831      4.4489      4.5751      4.5527      4.5159      
2008-01-03     2.1666      2.0323      1.9660      2.6416      2.4261      2.9344      2.7537      2.6715      3.5630      3.4119      3.3781      3.8972      4.4326      4.4131      4.3811      4.4599      4.4413      4.4046      4.5118      4.4915      4.4554      4.5802      4.5613      4.5222      
2008-01-04     2.2580      2.0731      1.9871      2.7466      2.4717      2.8746      2.8725      2.7043      3.4590      3.4619      3.3459      3.8346      4.4376      4.4218      4.3856      4.4640      4.4494      4.4108      4.5166      4.4999      4.4617      4.5844      4.5695      4.5284      
2008-01-07     2.3488      2.1110      2.0059      2.7929      2.5257      2.8799      2.9760      2.7142      3.4167      3.4956      3.3276      3.7934      4.4419      4.4276      4.3906      4.4679      4.4549      4.4169      4.5209      4.5065      4.4680      4.5879      4.5756      4.5346      
2008-01-08     2.3058      2.1305      2.0140      2.7472      2.5546      2.8738      2.9443      2.7350      3.3403      3.4334      3.3344      3.7502      4.4463      4.4333      4.3961      4.4731      4.4609      4.4233      4.5249      4.5120      4.4742      4.5912      4.5805      4.5409      
2008-01-09     2.1707      2.1304      2.0138      2.6544      2.5923      2.7886      2.9272      2.7813      3.2383      3.3650      3.3549      3.6956      4.4506      4.4386      4.4019      4.4786      4.4668      4.4299      4.5286      4.5172      4.4803      4.5953      4.5852      4.5473      
2008-01-10     2.0881      2.1273      2.0126      2.5518      2.5967      2.6920      2.8881      2.8209      3.1299      3.3413      3.3766      3.6238      4.4543      4.4434      4.4075      4.4865      4.4732      4.4369      4.5325      4.5222      4.4866      4.5998      4.5900      4.5538      
2008-01-11     2.0051      2.1316      2.0116      2.3903      2.5684      2.5532      2.8168      2.8447      3.0144      3.3313      3.3966      3.5543      4.4588      4.4482      4.4135      4.4944      4.4792      4.4439      4.5369      4.5267      4.4927      4.6050      4.5947      4.5604      
2008-01-14     1.9252      2.1370      2.0100      2.2474      2.5202      2.4806      2.7678      2.8719      2.9085      3.3282      3.4119      3.4892      4.4632      4.4526      4.4196      4.5012      4.4845      4.4505      4.5408      4.5309      4.4987      4.6106      4.5993      4.5670      
2008-01-15     1.8855      2.0956      2.0087      2.2218      2.4845      2.4325      2.7022      2.8233      2.7931      3.3363      3.3849      3.4390      4.4672      4.4567      4.4261      4.5056      4.4894      4.4571      4.5443      4.5346      4.5047      4.6159      4.6035      4.5737      
2008-01-16     1.8796      2.0252      2.0086      2.2558      2.4551      2.4151      2.7098      2.8185      2.7431      3.3574      3.3612      3.3979      4.4712      4.4609      4.4324      4.5097      4.4941      4.4637      4.5477      4.5382      4.5107      4.6205      4.6079      4.5803      
2008-01-17     1.8782      1.9832      2.0077      2.3180      2.4349      2.4305      2.8455      2.8668      2.7692      3.4142      3.3778      3.3780      4.4767      4.4655      4.4393      4.5120      4.4993      4.4703      4.5512      4.5419      4.5167      4.6247      4.6123      4.5868      
2008-01-18     1.8771      1.9411      2.0071      2.4407      2.4155      2.4436      2.9991      2.9080      2.8062      3.4590      3.3952      3.3705      4.4814      4.4701      4.4459      4.5149      4.5047      4.4770      4.5554      4.5461      4.5230      4.6284      4.6167      4.5931      
2008-01-21     1.8767      1.9010      2.0060      2.5840      2.4157      2.4707      3.2059      2.9869      2.8506      3.5839      3.4561      3.3918      4.4866      4.4749      4.4513      4.5187      4.5100      4.4824      4.5605      4.5507      4.5286      4.6316      4.6211      4.5983      
2008-01-22     1.8780      1.8817      2.0061      3.0186      2.6202      2.5874      3.7079      3.2051      2.9700      3.7307      3.5335      3.4340      4.4910      4.4791      4.4562      4.5234      4.5145      4.4877      4.5664      4.5553      4.5337      4.6349      4.6254      4.6029      
2008-01-23     1.8782      1.8789      2.0047      3.4699      2.8628      2.7276      4.1416      3.4257      3.1035      3.8616      3.6095      3.4822      4.4946      4.4829      4.4608      4.5284      4.5190      4.4929      4.5727      4.5602      4.5387      4.6383      4.6294      4.6073      
2008-01-24     1.8787      1.8785      2.0029      3.9615      3.1398      2.8682      4.4146      3.6301      3.2255      3.9405      3.6774      3.5270      4.4975      4.4871      4.4653      4.5337      4.5229      4.4980      4.5790      4.5651      4.5436      4.6417      4.6332      4.6116      
2008-01-25     1.8776      1.8774      2.0045      4.1460      3.2934      2.9309      4.7065      3.8528      3.3487      4.0308      3.7449      3.5708      4.5005      4.4910      4.4696      4.5381      4.5265      4.5029      4.5846      4.5700      4.5484      4.6449      4.6366      4.6157      
2008-01-28     1.8791      1.8779      2.0075      4.2022      3.3931      2.9566      4.6766      3.9413      3.4066      4.0483      3.8161      3.6140      4.5025      4.4946      4.4736      4.5417      4.5302      4.5074      4.5895      4.5750      4.5529      4.6478      4.6397      4.6195      
2008-01-29     1.8807      1.8794      1.9875      3.9180      3.4683      2.9764      4.3342      4.0210      3.4222      4.0260      3.8783      3.6316      4.5038      4.4974      4.4770      4.5444      4.5339      4.5117      4.5935      4.5799      4.5573      4.6505      4.6427      4.6231      
2008-01-30     1.8832      1.8807      1.9529      3.6030      3.5365      2.9958      3.9759      4.0588      3.4387      3.9373      3.8994      3.6303      4.5042      4.4994      4.4802      4.5462      4.5373      4.5157      4.5963      4.5845      4.5613      4.6526      4.6455      4.6267      
2008-01-31     1.9045      1.8916      1.9374      3.2101      3.5858      3.0103      3.6653      4.0400      3.4534      3.8381      3.8893      3.6335      4.5046      4.5011      4.4833      4.5477      4.5407      4.5200      4.5989      4.5889      4.5654      4.6548      4.6483      4.6303      
2008-02-01     1.9290      1.9033      1.9222      3.1219      3.6339      3.0247      3.3167      4.0116      3.4598      3.7281      3.8795      3.6373      4.5047      4.5026      4.4864      4.5493      4.5437      4.5242      4.6008      4.5927      4.5694      4.6569      4.6509      4.6338      
2008-02-02     1.9526      1.9159      1.9084      3.1125      3.6574      3.0365      3.2152      3.9459      3.4664      3.5970      3.8227      3.6394      4.5043      4.5034      4.4892      4.5510      4.5463      4.5281      4.6022      4.5959      4.5733      4.6590      4.6534      4.6373      
2008-02-03     1.9741      1.9274      1.9046      3.0949      3.5065      3.0633      3.1659      3.7500      3.4775      3.4654      3.7457      3.6396      4.5043      4.5040      4.4915      4.5525      4.5485      4.5315      4.6033      4.5984      4.5768      4.6607      4.6556      4.6405      
2008-02-04     1.9954      1.9393      1.9091      3.0229      3.3129      3.0879      3.1190      3.5475      3.4866      3.3760      3.6566      3.6331      4.5047      4.5045      4.4937      4.5542      4.5502      4.5346      4.6045      4.6004      4.5803      4.6622      4.6574      4.6434      
2008-02-05     2.0521      1.9783      1.9284      2.8923      3.0512      3.0955      2.9635      3.3144      3.4722      3.2936      3.5659      3.6216      4.5042      4.5044      4.4958      4.5550      4.5513      4.5371      4.6049      4.6019      4.5835      4.6630      4.6589      4.6461      
2008-02-13     2.1005      2.0148      1.9461      2.7857      2.9538      3.1236      2.8627      3.0897      3.4713      3.2396      3.4839      3.6144      4.5039      4.5043      4.4977      4.5555      4.5524      4.5395      4.6052      4.6030      4.5865      4.6638      4.6604      4.6485      
2008-02-14     2.1428      2.0477      1.9628      2.7133      2.9129      3.1530      2.7635      2.9894      3.4653      3.1925      3.3948      3.6054      4.5040      4.5042      4.4994      4.5561      4.5535      4.5419      4.6058      4.6040      4.5895      4.6647      4.6619      4.6508      
2008-02-15     2.1821      2.0781      1.9787      2.6524      2.8737      3.1710      2.7240      2.9449      3.4830      3.1499      3.3077      3.5930      4.5040      4.5041      4.5007      4.5572      4.5548      4.5444      4.6066      4.6049      4.5924      4.6658      4.6632      4.6529      
2008-02-18     2.2188      2.1071      1.9939      2.5864      2.8046      3.1705      2.7440      2.9315      3.4951      3.1464      3.2612      3.5803      4.5039      4.5043      4.5019      4.5589      4.5565      4.5469      4.6071      4.6058      4.5952      4.6665      4.6644      4.6549      
2008-02-19     2.2016      2.1268      2.0092      2.5867      2.7395      3.1627      3.0603      3.0119      3.5259      3.2416      3.2676      3.5785      4.5041      4.5042      4.5026      4.5613      4.5582      4.5494      4.6082      4.6065      4.5977      4.6679      4.6654      4.6568      
2008-02-20     2.2136      2.1571      2.0302      2.5960      2.6908      3.1624      3.4283      3.1455      3.5786      3.3617      3.3007      3.5901      4.5041      4.5040      4.5033      4.5646      4.5601      4.5519      4.6108      4.6080      4.6003      4.6704      4.6671      4.6590      
2008-02-21     2.2531      2.1979      2.0569      2.8460      2.7796      3.2185      3.8107      3.2871      3.6165      3.5126      3.3526      3.5876      4.5042      4.5041      4.5038      4.5684      4.5622      4.5543      4.6140      4.6099      4.6029      4.6731      4.6689      4.6612      
2008-02-22     2.2945      2.2383      2.0828      3.0748      2.8636      3.1851      4.1277      3.4259      3.5879      3.6829      3.4164      3.5811      4.5047      4.5044      4.5042      4.5726      4.5649      4.5567      4.6182      4.6124      4.6054      4.6763      4.6710      4.6633      
2008-02-25     2.3358      2.2773      2.1083      3.4446      3.0155      3.1642      4.3298      3.5369      3.5422      3.8419      3.4942      3.5754      4.5051      4.5045      4.5045      4.5766      4.5678      4.5590      4.6232      4.6152      4.6078      4.6801      4.6733      4.6654      
2008-02-26     2.3863      2.2940      2.1361      3.7719      3.1793      3.1153      4.2353      3.6478      3.4811      3.9177      3.5796      3.5727      4.5053      4.5047      4.5046      4.5806      4.5710      4.5611      4.6287      4.6184      4.6102      4.6839      4.6759      4.6674      
2008-02-27     2.4252      2.3194      2.1671      3.8175      3.2067      3.0802      3.9765      3.7024      3.3961      3.9236      3.6427      3.5633      4.5047      4.5044      4.5044      4.5840      4.5743      4.5634      4.6329      4.6218      4.6124      4.6865      4.6785      4.6694      
2008-02-28     2.4406      2.3468      2.1973      3.6126      3.2293      3.0711      3.6967      3.7537      3.3715      3.8916      3.7021      3.5485      4.5042      4.5042      4.5042      4.5878      4.5781      4.5658      4.6364      4.6252      4.6146      4.6892      4.6812      4.6715      
2008-02-29     2.4574      2.3759      2.2270      3.4281      3.2515      3.0626      3.4281      3.7779      3.3614      3.8096      3.7463      3.5270      4.5032      4.5040      4.5040      4.5907      4.5816      4.5682      4.6384      4.6283      4.6166      4.6915      4.6839      4.6736      
2008-03-03     2.4659      2.4009      2.2540      3.1098      3.2772      3.0409      3.1731      3.7515      3.3415      3.6826      3.7623      3.5117      4.5023      4.5037      4.5040      4.5926      4.5846      4.5706      4.6397      4.6315      4.6186      4.6932      4.6866      4.6755      
2008-03-04     2.3670      2.3766      2.2517      2.7914      3.2816      3.0106      3.0114      3.6233      3.3176      3.5361      3.7269      3.4972      4.5016      4.5035      4.5038      4.5937      4.5871      4.5727      4.6408      4.6348      4.6206      4.6946      4.6892      4.6773      
2008-03-05     2.2563      2.3407      2.2489      2.7347      3.2761      2.9835      2.9395      3.4580      3.3018      3.4206      3.6721      3.4864      4.5017      4.5032      4.5036      4.5940      4.5890      4.5745      4.6417      4.6373      4.6226      4.6959      4.6912      4.6791      
2008-03-06     2.1460      2.2933      2.2456      2.6857      3.1492      2.9644      2.8551      3.2759      3.2815      3.3116      3.6016      3.4771      4.5013      4.5028      4.5034      4.5928      4.5903      4.5763      4.6422      4.6393      4.6246      4.6969      4.6931      4.6810      
2008-03-07     2.0340      2.2457      2.2420      2.5958      3.0119      2.9378      2.7746      3.1014      3.2636      3.2263      3.5180      3.4672      4.5010      4.5021      4.5032      4.5912      4.5909      4.5779      4.6432      4.6408      4.6266      4.6978      4.6946      4.6828      
2008-03-10     1.9323      2.1991      2.2382      2.4965      2.8031      2.9093      2.7275      2.9503      3.2436      3.1967      3.4397      3.4669      4.5009      4.5016      4.5030      4.5899      4.5913      4.5795      4.6441      4.6419      4.6286      4.6989      4.6960      4.6847      
2008-03-11     1.9264      2.1467      2.2203      2.4764      2.6339      2.9066      2.6800      2.8457      3.2467      3.1840      3.3601      3.4698      4.5011      4.5014      4.5030      4.5895      4.5916      4.5813      4.6450      4.6429      4.6307      4.7003      4.6974      4.6867      
2008-03-12     1.9197      2.0880      2.2037      2.4933      2.6140      2.9104      2.6323      2.7859      3.2442      3.1651      3.2929      3.4678      4.5012      4.5014      4.5029      4.5894      4.5917      4.5830      4.6453      4.6435      4.6327      4.7018      4.6988      4.6886      
2008-03-13     1.9120      2.0290      2.1879      2.4942      2.5900      2.9096      2.6116      2.7334      3.2435      3.1581      3.2348      3.4685      4.5015      4.5014      4.5028      4.5902      4.5915      4.5848      4.6459      4.6441      4.6346      4.7033      4.7001      4.6907      
2008-03-14     1.9777      2.0059      2.1909      2.5287      2.5623      2.9069      2.6062      2.6904      3.2342      3.1693      3.1978      3.4720      4.5017      4.5014      4.5027      4.5912      4.5912      4.5864      4.6463      4.6447      4.6365      4.7050      4.7014      4.6926      
2008-03-17     2.0306      1.9814      2.1912      2.5693      2.5329      2.9050      2.6109      2.6692      3.2103      3.1701      3.1834      3.4728      4.5017      4.5013      4.5025      4.5919      4.5909      4.5878      4.6465      4.6453      4.6384      4.7064      4.7026      4.6946      
2008-03-18     2.0808      2.0036      2.1901      2.5616      2.5190      2.9003      2.6275      2.6538      3.1385      3.1752      3.1796      3.4532      4.5012      4.5012      4.5023      4.5922      4.5909      4.5890      4.6460      4.6455      4.6401      4.7074      4.7039      4.6965      
2008-03-19     2.1319      2.0258      2.1833      2.5188      2.5061      2.8911      2.6343      2.6333      3.0457      3.1871      3.1761      3.4241      4.5010      4.5011      4.5021      4.5927      4.5911      4.5900      4.6461      4.6457      4.6415      4.7081      4.7049      4.6981      
2008-03-20     2.1803      2.0461      2.1697      2.4896      2.4919      2.8205      2.6360      2.6238      2.9499      3.2021      3.1801      3.3909      4.5010      4.5013      4.5020      4.5932      4.5917      4.5910      4.6462      4.6460      4.6427      4.7079      4.7056      4.6993      
2008-03-21     2.1873      2.0825      2.1641      2.4638      2.4963      2.7541      2.6332      2.6197      2.8605      3.2110      3.1901      3.3540      4.5011      4.5014      4.5018      4.5936      4.5924      4.5917      4.6463      4.6463      4.6435      4.7076      4.7063      4.7005      
2008-03-24     2.1598      2.0952      2.1471      2.4386      2.5039      2.6535      2.6310      2.6210      2.7856      3.2128      3.1915      3.3156      4.5013      4.5015      4.5016      4.5940      4.5929      4.5921      4.6467      4.6466      4.6442      4.7069      4.7067      4.7014      
2008-03-25     2.1347      2.1077      2.1272      2.4186      2.4901      2.5620      2.6173      2.6224      2.7340      3.2167      3.1959      3.2780      4.5012      4.5012      4.5013      4.5939      4.5930      4.5923      4.6470      4.6465      4.6447      4.7060      4.7067      4.7021      
2008-03-26     2.1175      2.1247      2.1063      2.4204      2.4696      2.5418      2.6320      2.6331      2.7095      3.2204      3.2037      3.2483      4.5008      4.5009      4.5012      4.5936      4.5932      4.5924      4.6472      4.6466      4.6451      4.7044      4.7062      4.7025      
2008-03-27     2.1054      2.1428      2.0859      2.4104      2.4500      2.5200      2.6408      2.6384      2.6859      3.2248      3.2134      3.2241      4.5002      4.5006      4.5010      4.5933      4.5932      4.5924      4.6475      4.6468      4.6455      4.7032      4.7056      4.7028      
2008-03-28     2.0995      2.1434      2.0747      2.4040      2.4339      2.4981      2.6651      2.6492      2.6698      3.2382      3.2246      3.2112      4.4996      4.5004      4.5009      4.5929      4.5933      4.5922      4.6477      4.6470      4.6459      4.7020      4.7048      4.7031      
2008-03-31     2.1464      2.1531      2.0673      2.5013      2.4699      2.5014      2.7259      2.6784      2.6738      3.2546      3.2337      3.2086      4.4989      4.5001      4.5007      4.5926      4.5933      4.5921      4.6479      4.6473      4.6463      4.7012      4.7041      4.7034      
2008-04-01     2.2569      2.1958      2.0997      2.6448      2.5317      2.5254      2.8047      2.7110      2.6824      3.2693      3.2430      3.2113      4.4987      4.4999      4.5005      4.5926      4.5933      4.5921      4.6480      4.6475      4.6465      4.7011      4.7035      4.7037      
2008-04-02     2.3163      2.2169      2.1213      2.7821      2.6013      2.5537      3.0073      2.8197      2.7265      3.2862      3.2533      3.2147      4.4984      4.4996      4.5003      4.5928      4.5932      4.5921      4.6481      4.6477      4.6467      4.7017      4.7031      4.7040      
2008-04-03     2.3737      2.2396      2.1428      2.8611      2.6357      2.5638      3.2026      2.9217      2.7728      3.3126      3.2687      3.2244      4.4979      4.4991      4.5002      4.5930      4.5931      4.5924      4.6479      4.6477      4.6469      4.7024      4.7028      4.7042      
2008-04-07     2.3866      2.2430      2.1628      3.0254      2.7147      2.6055      3.3526      3.0089      2.8143      3.3596      3.2989      3.2445      4.4971      4.4984      4.4999      4.5934      4.5932      4.5928      4.6478      4.6478      4.6470      4.7030      4.7025      4.7044      
2008-04-08     2.3973      2.2719      2.1835      3.1475      2.8244      2.6642      3.5655      3.1457      2.8833      3.4353      3.3450      3.2682      4.4966      4.4977      4.4996      4.5940      4.5933      4.5931      4.6475      4.6477      4.6471      4.7035      4.7024      4.7045      
2008-04-09     2.3493      2.3031      2.2054      3.3122      2.9785      2.7343      3.8315      3.3181      2.9702      3.5081      3.3887      3.2923      4.4959      4.4973      4.4992      4.5949      4.5938      4.5934      4.6476      4.6478      4.6472      4.7038      4.7024      4.7046      
2008-04-10     2.3482      2.3323      2.2285      3.3724      3.0773      2.7734      3.8332      3.4203      3.0267      3.5868      3.4365      3.3201      4.4952      4.4968      4.4988      4.5957      4.5942      4.5937      4.6477      4.6479      4.6473      4.7040      4.7029      4.7046      
2008-04-11     2.3448      2.3593      2.2510      3.3839      3.1225      2.7863      3.8062      3.5044      3.0714      3.6044      3.4585      3.3360      4.4950      4.4965      4.4986      4.5959      4.5945      4.5938      4.6475      4.6477      4.6473      4.7042      4.7033      4.7044      
2008-04-14     2.3594      2.3730      2.2582      3.3427      3.1841      2.8090      3.6990      3.5258      3.0875      3.5736      3.4666      3.3456      4.4954      4.4963      4.4983      4.5958      4.5946      4.5939      4.6468      4.6473      4.6472      4.7040      4.7035      4.7042      
2008-04-15     2.3710      2.3841      2.2686      3.2871      3.2173      2.8436      3.5512      3.5583      3.1184      3.5099      3.4726      3.3532      4.4958      4.4962      4.4981      4.5956      4.5948      4.5941      4.6463      4.6469      4.6471      4.7038      4.7037      4.7039      
2008-04-16     2.3797      2.3645      2.2801      3.1656      3.2389      2.8853      3.3462      3.5889      3.1499      3.4422      3.4751      3.3591      4.4963      4.4961      4.4980      4.5953      4.5951      4.5942      4.6457      4.6467      4.6471      4.7036      4.7037      4.7036      
2008-04-17     2.3855      2.3669      2.2919      3.1396      3.2560      2.9286      3.2673      3.5503      3.1850      3.3608      3.4738      3.3635      4.4966      4.4959      4.4977      4.5945      4.5951      4.5941      4.6452      4.6464      4.6470      4.7032      4.7036      4.7033      
2008-04-18     2.3807      2.3628      2.3012      3.1449      3.2644      2.9501      3.2186      3.5124      3.2170      3.3237      3.4640      3.3664      4.4964      4.4957      4.4974      4.5939      4.5949      4.5940      4.6451      4.6463      4.6470      4.7030      4.7036      4.7032      
2008-04-21     2.3498      2.3546      2.2988      3.1072      3.2250      2.9698      3.2895      3.4943      3.2516      3.3085      3.4410      3.3700      4.4955      4.4955      4.4969      4.5928      4.5943      4.5937      4.6452      4.6460      4.6469      4.7031      4.7036      4.7030      
2008-04-22     2.2961      2.3336      2.3027      3.0222      3.1546      2.9895      3.2793      3.4152      3.2805      3.2952      3.4026      3.3738      4.4943      4.4951      4.4964      4.5917      4.5936      4.5935      4.6450      4.6456      4.6467      4.7030      4.7034      4.7029      
2008-04-23     2.2396      2.3097      2.3064      2.8985      3.0321      3.0053      3.2508      3.2985      3.3083      3.2814      3.3618      3.3752      4.4933      4.4948      4.4960      4.5901      4.5927      4.5932      4.6446      4.6452      4.6465      4.7028      4.7032      4.7028      
2008-04-24     2.1787      2.2821      2.3072      2.7710      2.9553      3.0163      3.1784      3.2228      3.3216      3.2812      3.3210      3.3788      4.4924      4.4945      4.4956      4.5888      4.5916      4.5929      4.6444      4.6448      4.6463      4.7027      4.7029      4.7029      
2008-04-25     2.1373      2.2590      2.3091      2.7767      2.9608      3.0416      3.1145      3.1666      3.3355      3.2936      3.3086      3.3836      4.4916      4.4940      4.4952      4.5876      4.5907      4.5926      4.6440      4.6445      4.6461      4.7025      4.7028      4.7030      
2008-04-28     2.1145      2.2321      2.3026      2.7847      2.9459      3.0650      3.0441      3.1668      3.3463      3.3108      3.3096      3.3881      4.4911      4.4933      4.4948      4.5871      4.5899      4.5923      4.6437      4.6444      4.6459      4.7025      4.7028      4.7032      
2008-04-29     2.1165      2.2063      2.2952      2.8147      2.9184      3.0679      3.0388      3.1591      3.3587      3.3355      3.3154      3.3940      4.4907      4.4925      4.4943      4.5865      4.5891      4.5919      4.6437      4.6443      4.6456      4.7026      4.7028      4.7033      
2008-04-30     2.1272      2.1834      2.2739      2.8438      2.8712      3.0550      3.0358      3.1433      3.3661      3.3704      3.3259      3.4005      4.4903      4.4918      4.4939      4.5862      4.5882      4.5916      4.6437      4.6441      4.6454      4.7027      4.7027      4.7032      
2008-05-04     2.1476      2.1632      2.2650      2.8668      2.8189      3.0375      3.0680      3.1232      3.3367      3.3934      3.3373      3.4055      4.4901      4.4913      4.4936      4.5861      4.5875      4.5913      4.6435      4.6439      4.6452      4.7026      4.7026      4.7031      
2008-05-05     2.1756      2.1565      2.2596      2.8779      2.8273      3.0459      3.1118      3.1132      3.3128      3.4092      3.3514      3.4077      4.4903      4.4909      4.4933      4.5860      4.5868      4.5908      4.6433      4.6437      4.6450      4.7025      4.7025      4.7031      
2008-05-06     2.2143      2.1644      2.2595      2.8972      2.8409      3.0329      3.1703      3.1072      3.3007      3.4178      3.3643      3.4027      4.4908      4.4909      4.4932      4.5858      4.5865      4.5904      4.6433      4.6435      4.6447      4.7024      4.7025      4.7030      
2008-05-07     2.2561      2.1863      2.2599      2.9155      2.8651      3.0099      3.2015      3.1202      3.2677      3.4294      3.3825      3.3925      4.4913      4.4910      4.4930      4.5858      4.5861      4.5899      4.6433      4.6435      4.6446      4.7027      4.7027      4.7030      
2008-05-08     2.2941      2.2106      2.2601      2.9489      2.8964      2.9642      3.2427      3.1393      3.2189      3.4412      3.4058      3.3838      4.4918      4.4910      4.4929      4.5858      4.5860      4.5893      4.6432      4.6434      4.6443      4.7030      4.7028      4.7030      
2008-05-09     2.3278      2.2377      2.2599      2.9774      2.9221      2.9387      3.2928      3.1804      3.2016      3.4442      3.4188      3.3699      4.4923      4.4912      4.4929      4.5859      4.5860      4.5888      4.6434      4.6435      4.6441      4.7035      4.7031      4.7030      
2008-05-12     2.3578      2.2667      2.2629      3.0135      2.9457      2.9533      3.3484      3.2301      3.1983      3.4470      3.4281      3.3684      4.4930      4.4917      4.4928      4.5862      4.5861      4.5884      4.6438      4.6436      4.6440      4.7042      4.7034      4.7031      
2008-05-13     2.3837      2.2990      2.2655      3.0809      2.9891      2.9675      3.3951      3.2827      3.2248      3.5007      3.4592      3.3844      4.4936      4.4922      4.4927      4.5868      4.5863      4.5881      4.6441      4.6437      4.6441      4.7048      4.7036      4.7032      
2008-05-14     2.4196      2.3378      2.2721      3.1489      3.0322      2.9753      3.4420      3.3217      3.2404      3.5372      3.4833      3.3993      4.4939      4.4926      4.4926      4.5873      4.5865      4.5878      4.6446      4.6439      4.6441      4.7052      4.7040      4.7034      
2008-05-15     2.4543      2.3742      2.2788      3.2432      3.0961      2.9836      3.4905      3.3666      3.2550      3.5705      3.5058      3.4159      4.4941      4.4930      4.4924      4.5877      4.5868      4.5875      4.6451      4.6442      4.6441      4.7057      4.7043      4.7035      
2008-05-16     2.4959      2.4118      2.2875      3.4465      3.2119      3.0154      3.5666      3.4297      3.2765      3.6189      3.5316      3.4344      4.4942      4.4933      4.4923      4.5879      4.5869      4.5872      4.6452      4.6443      4.6441      4.7057      4.7046      4.7036      
2008-05-19     2.5365      2.4471      2.3018      3.6090      3.3113      3.0693      3.6933      3.5209      3.3170      3.6808      3.5639      3.4576      4.4939      4.4935      4.4922      4.5879      4.5871      4.5869      4.6454      4.6446      4.6441      4.7058      4.7050      4.7038      
2008-05-20     2.5713      2.4775      2.3209      3.7416      3.4113      3.1261      3.7988      3.5969      3.3521      3.6931      3.5969      3.4806      4.4935      4.4936      4.4922      4.5878      4.5873      4.5869      4.6456      4.6449      4.6442      4.7061      4.7054      4.7040      
2008-05-21     2.5949      2.5072      2.3467      3.8192      3.4840      3.1746      3.8876      3.6648      3.3925      3.6979      3.6176      3.5000      4.4934      4.4936      4.4923      4.5874      4.5874      4.5868      4.6456      4.6451      4.6443      4.7064      4.7058      4.7042      
2008-05-22     2.6183      2.5363      2.3735      3.8956      3.5694      3.2329      3.9066      3.6986      3.4189      3.7031      3.6368      3.5213      4.4931      4.4936      4.4923      4.5873      4.5875      4.5868      4.6458      4.6455      4.6444      4.7071      4.7064      4.7046      
2008-05-23     2.6321      2.5640      2.4008      3.8101      3.6283      3.2752      3.8817      3.7242      3.4523      3.6720      3.6455      3.5321      4.4932      4.4937      4.4925      4.5875      4.5877      4.5868      4.6461      4.6457      4.6446      4.7084      4.7070      4.7050      
2008-05-26     2.6551      2.5958      2.4312      3.7179      3.6635      3.3046      3.7669      3.7301      3.4801      3.6332      3.6570      3.5426      4.4928      4.4934      4.4925      4.5877      4.5878      4.5870      4.6462      4.6458      4.6447      4.7091      4.7075      4.7054      
2008-05-27     2.7045      2.6379      2.4684      3.6124      3.6770      3.3330      3.6549      3.7269      3.5048      3.6009      3.6470      3.5531      4.4925      4.4930      4.4926      4.5882      4.5880      4.5872      4.6465      4.6460      4.6449      4.7100      4.7080      4.7058      
2008-05-28     2.6121      2.6035      2.4707      3.4753      3.6472      3.3397      3.5486      3.7181      3.5199      3.5848      3.6414      3.5623      4.4925      4.4929      4.4928      4.5887      4.5881      4.5873      4.6466      4.6461      4.6450      4.7106      4.7085      4.7062      
2008-05-29     2.5822      2.6003      2.4872      3.3425      3.6191      3.3576      3.5002      3.7034      3.5350      3.5682      3.6356      3.5707      4.4910      4.4920      4.4925      4.5891      4.5882      4.5875      4.6469      4.6464      4.6453      4.7107      4.7089      4.7066      
2008-05-30     2.6258      2.6289      2.5204      3.2626      3.5363      3.3741      3.4576      3.6696      3.5497      3.5727      3.6224      3.5770      4.4882      4.4907      4.4920      4.5894      4.5885      4.5877      4.6471      4.6466      4.6455      4.7105      4.7094      4.7070      
2008-06-02     2.6527      2.6539      2.5505      3.1940      3.4559      3.3836      3.4283      3.5976      3.5592      3.5630      3.5981      3.5810      4.4869      4.4898      4.4916      4.5896      4.5887      4.5879      4.6473      4.6468      4.6457      4.7105      4.7098      4.7074      
2008-06-03     2.6492      2.6769      2.5772      3.1333      3.3729      3.3921      3.3900      3.5225      3.5597      3.5564      3.5787      3.5878      4.4855      4.4890      4.4913      4.5896      4.5889      4.5881      4.6470      4.6467      4.6458      4.7100      4.7100      4.7077      
2008-06-04     2.7871      2.6996      2.6034      3.1739      3.3246      3.4043      3.3555      3.4521      3.5584      3.5540      3.5694      3.5935      4.4839      4.4882      4.4909      4.5898      4.5893      4.5883      4.6468      4.6467      4.6459      4.7096      4.7101      4.7080      
2008-06-05     2.8674      2.7248      2.6305      3.1951      3.2688      3.4191      3.4175      3.4589      3.5787      3.5392      3.5537      3.5952      4.4836      4.4873      4.4905      4.5898      4.5895      4.5885      4.6462      4.6466      4.6460      4.7093      4.7100      4.7082      
2008-06-06     2.8898      2.7578      2.6609      3.2345      3.2486      3.4384      3.4814      3.4695      3.5968      3.5324      3.5526      3.5990      4.4847      4.4864      4.4901      4.5898      4.5896      4.5886      4.6461      4.6466      4.6461      4.7092      4.7099      4.7084      
2008-06-10     3.0071      2.8299      2.7128      3.6054      3.3997      3.5316      3.8127      3.6205      3.6753      3.6730      3.6180      3.6375      4.4851      4.4860      4.4897      4.5898      4.5897      4.5888      4.6461      4.6467      4.6462      4.7093      4.7099      4.7087      
2008-06-11     3.1402      2.8947      2.7663      3.8061      3.4697      3.5734      4.1487      3.7694      3.7481      3.8320      3.6942      3.6706      4.4849      4.4852      4.4891      4.5901      4.5899      4.5889      4.6466      4.6468      4.6464      4.7102      4.7101      4.7091      
2008-06-12     3.2491      3.0181      2.8108      3.8610      3.5174      3.5823      4.3281      3.8418      3.7800      3.9613      3.7577      3.6995      4.4841      4.4840      4.4885      4.5905      4.5902      4.5891      4.6473      4.6470      4.6466      4.7112      4.7104      4.7095      
2008-06-13     3.1982      3.0328      2.8165      3.8707      3.5329      3.5760      4.3732      3.8954      3.7994      4.0761      3.8077      3.7217      4.4795      4.4816      4.4868      4.5911      4.5904      4.5893      4.6482      4.6472      4.6468      4.7127      4.7110      4.7100      
2008-06-16     3.0843      2.9871      2.8080      3.8745      3.5545      3.5454      4.4189      3.9501      3.8099      4.1896      3.8610      3.7417      4.4754      4.4800      4.4854      4.5916      4.5907      4.5896      4.6492      4.6476      4.6471      4.7140      4.7116      4.7105      
2008-06-17     2.8901      2.9486      2.8012      3.5215      3.5634      3.5097      4.1723      3.9925      3.7950      4.1490      3.9110      3.7545      4.4712      4.4781      4.4840      4.5918      4.5908      4.5898      4.6502      4.6482      4.6475      4.7149      4.7121      4.7109      
2008-06-18     2.6951      2.9176      2.7972      3.3352      3.5706      3.4717      3.8427      3.9957      3.7591      4.0745      3.9533      3.7660      4.4685      4.4767      4.4828      4.5917      4.5909      4.5899      4.6506      4.6486      4.6477      4.7150      4.7126      4.7113      
2008-06-19     2.5204      2.8847      2.7922      3.3004      3.5807      3.4526      3.7590      4.0436      3.7478      4.0201      3.9907      3.7801      4.4669      4.4755      4.4818      4.5916      4.5911      4.5902      4.6510      4.6492      4.6479      4.7148      4.7130      4.7116      
2008-06-20     2.5242      2.8612      2.7930      3.2741      3.5724      3.4206      3.6801      4.0267      3.7428      3.9965      4.0363      3.7950      4.4697      4.4746      4.4810      4.5913      4.5912      4.5903      4.6510      4.6496      4.6481      4.7140      4.7134      4.7117      
2008-06-23     2.5806      2.8324      2.7951      3.2174      3.5460      3.3973      3.5499      3.9844      3.7269      3.9250      4.0573      3.8050      4.4724      4.4739      4.4802      4.5913      4.5915      4.5905      4.6510      4.6501      4.6483      4.7133      4.7136      4.7117      
2008-06-24     2.6241      2.7571      2.7935      3.1933      3.3574      3.3785      3.4591      3.8157      3.7181      3.8668      4.0079      3.8129      4.4748      4.4730      4.4795      4.5913      4.5915      4.5906      4.6503      4.6503      4.6485      4.7126      4.7138      4.7118      
2008-06-25     2.6448      2.6699      2.7823      3.1881      3.2617      3.3657      3.4553      3.6490      3.7092      3.8185      3.9465      3.8204      4.4766      4.4725      4.4789      4.5913      4.5915      4.5907      4.6497      4.6501      4.6485      4.7120      4.7135      4.7118      
2008-06-26     2.6685      2.5944      2.8063      3.1705      3.2354      3.3764      3.3786      3.5688      3.7053      3.7691      3.8946      3.8261      4.4781      4.4725      4.4782      4.5913      4.5914      4.5908      4.6488      4.6499      4.6485      4.7116      4.7132      4.7118      
2008-06-27     2.6958      2.6100      2.8214      3.1840      3.2290      3.3810      3.3426      3.5114      3.7034      3.7232      3.8599      3.8338      4.4793      4.4745      4.4780      4.5914      4.5913      4.5909      4.6483      4.6497      4.6485      4.7114      4.7127      4.7119      
2008-06-30     2.7185      2.6496      2.8183      3.2293      3.2234      3.3890      3.3546      3.4523      3.7012      3.7263      3.8257      3.8433      4.4803      4.4764      4.4782      4.5912      4.5913      4.5910      4.6480      4.6495      4.6485      4.7115      4.7124      4.7120      
2008-07-01     2.6810      2.6526      2.8006      3.2082      3.2008      3.3821      3.3549      3.4070      3.6997      3.7312      3.7990      3.8550      4.4827      4.4787      4.4784      4.5912      4.5913      4.5910      4.6481      4.6492      4.6487      4.7117      4.7122      4.7121      
2008-07-02     2.6961      2.6705      2.7940      3.2064      3.1973      3.3840      3.3606      3.4079      3.7018      3.7358      3.7772      3.8652      4.4844      4.4805      4.4786      4.5916      4.5914      4.5912      4.6486      4.6491      4.6489      4.7122      4.7121      4.7124      
2008-07-03     2.6791      2.6738      2.7793      3.1287      3.1496      3.3651      3.3371      3.3579      3.7007      3.7329      3.7510      3.8708      4.4857      4.4819      4.4787      4.5918      4.5916      4.5913      4.6490      4.6489      4.6490      4.7126      4.7121      4.7126      
2008-07-04     2.6317      2.6638      2.7625      3.0501      3.1171      3.3447      3.2970      3.3198      3.6732      3.7019      3.7126      3.8744      4.4862      4.4828      4.4787      4.5920      4.5917      4.5914      4.6493      4.6488      4.6492      4.7128      4.7121      4.7128      
2008-07-07     2.5863      2.6524      2.7424      2.9977      3.1135      3.3298      3.2454      3.3000      3.6422      3.6379      3.6821      3.8697      4.4828      4.4815      4.4777      4.5920      4.5916      4.5915      4.6496      4.6488      4.6494      4.7131      4.7123      4.7130      
2008-07-08     2.5962      2.6386      2.6979      3.0370      3.1226      3.2400      3.2273      3.2911      3.5534      3.5713      3.6513      3.8296      4.4763      4.4795      4.4762      4.5919      4.5916      4.5915      4.6497      4.6489      4.6496      4.7132      4.7125      4.7131      
2008-07-09     2.5571      2.6266      2.6483      3.0317      3.1191      3.1904      3.2015      3.2811      3.4650      3.4870      3.6114      3.7790      4.4691      4.4767      4.4746      4.5912      4.5914      4.5915      4.6493      4.6489      4.6495      4.7128      4.7125      4.7130      
2008-07-10     2.5400      2.6095      2.6020      3.0370      3.0828      3.1591      3.1642      3.2507      3.4097      3.4120      3.5724      3.7335      4.4611      4.4734      4.4729      4.5906      4.5912      4.5913      4.6489      4.6490      4.6494      4.7123      4.7125      4.7128      
2008-07-11     2.4968      2.5643      2.5871      3.0106      3.0304      3.1297      3.1251      3.2110      3.3612      3.3474      3.5246      3.6923      4.4504      4.4683      4.4714      4.5900      4.5910      4.5912      4.6482      4.6488      4.6492      4.7118      4.7123      4.7125      
2008-07-14     2.4477      2.5170      2.5833      3.0063      3.0020      3.1127      3.1111      3.1783      3.3153      3.3246      3.4813      3.6535      4.4427      4.4627      4.4695      4.5894      4.5907      4.5910      4.6474      4.6485      4.6490      4.7109      4.7120      4.7122      
2008-07-15     2.4130      2.5046      2.5786      2.9786      3.0078      3.1043      3.1289      3.1781      3.2925      3.2979      3.4346      3.6168      4.4361      4.4562      4.4675      4.5889      4.5904      4.5908      4.6465      4.6481      4.6486      4.7099      4.7116      4.7119      
2008-07-16     2.4050      2.4811      2.5758      2.9336      2.9827      3.0900      3.1298      3.1657      3.2868      3.2991      3.3930      3.5851      4.4294      4.4492      4.4649      4.5886      4.5899      4.5907      4.6461      4.6477      4.6484      4.7091      4.7110      4.7116      
2008-07-17     2.4053      2.4726      2.5732      2.9563      2.9966      3.0731      3.1484      3.1563      3.2571      3.2884      3.3502      3.5506      4.4234      4.4423      4.4621      4.5882      4.5894      4.5905      4.6457      4.6473      4.6481      4.7084      4.7104      4.7112      
2008-07-18     2.4360      2.4664      2.5651      3.0352      3.0229      3.0700      3.1836      3.1543      3.2371      3.2818      3.3146      3.5136      4.4185      4.4345      4.4586      4.5876      4.5888      4.5902      4.6454      4.6468      4.6478      4.7079      4.7098      4.7110      
2008-07-21     2.4726      2.4601      2.5563      3.0468      3.0265      3.0700      3.2116      3.1614      3.2307      3.2784      3.3015      3.4918      4.4135      4.4281      4.4548      4.5868      4.5881      4.5899      4.6450      4.6462      4.6475      4.7074      4.7091      4.7107      
2008-07-22     2.4981      2.4555      2.5471      3.0404      3.0095      3.0660      3.1647      3.1468      3.2189      3.2877      3.2928      3.4720      4.4086      4.4223      4.4509      4.5860      4.5874      4.5895      4.6448      4.6457      4.6473      4.7069      4.7084      4.7104      
2008-07-23     2.5006      2.4528      2.5397      3.0535      2.9935      3.0563      3.1372      3.1335      3.2073      3.2731      3.2861      3.4488      4.4022      4.4158      4.4463      4.5849      4.5868      4.5891      4.6443      4.6452      4.6471      4.7065      4.7078      4.7102      
2008-07-24     2.5064      2.4558      2.5327      3.0623      3.0093      3.0460      3.1145      3.1315      3.1911      3.2688      3.2786      3.4255      4.3925      4.4080      4.4407      4.5837      4.5859      4.5886      4.6440      4.6449      4.6469      4.7063      4.7074      4.7099      
2008-07-25     2.5100      2.4730      2.5186      3.0461      3.0407      3.0355      3.0935      3.1385      3.1748      3.2658      3.2738      3.3992      4.3838      4.4011      4.4347      4.5829      4.5852      4.5881      4.6438      4.6446      4.6467      4.7060      4.7070      4.7096      
2008-07-28     2.5123      2.4924      2.5047      3.0647      3.0558      3.0289      3.1160      3.1638      3.1710      3.2623      3.2703      3.3758      4.3711      4.3923      4.4275      4.5818      4.5843      4.5875      4.6436      4.6443      4.6464      4.7059      4.7066      4.7093      
2008-07-29     2.5176      2.5079      2.5062      3.1435      3.0919      3.0499      3.2198      3.1923      3.1852      3.2865      3.2871      3.3609      4.3613      4.3849      4.4206      4.5808      4.5834      4.5869      4.6435      4.6442      4.6461      4.7060      4.7064      4.7090      
2008-07-30     2.5222      2.5114      2.4962      3.2343      3.1439      3.0633      3.3954      3.2663      3.2160      3.3113      3.2922      3.3426      4.3538      4.3780      4.4136      4.5800      4.5825      4.5862      4.6436      4.6440      4.6458      4.7061      4.7063      4.7086      
2008-07-31     2.5235      2.5149      2.4938      3.3713      3.2168      3.1067      3.5845      3.3495      3.2529      3.3353      3.3020      3.3261      4.3495      4.3710      4.4066      4.5796      4.5816      4.5855      4.6437      4.6439      4.6456      4.7063      4.7063      4.7083      
2008-08-01     2.5750      2.5425      2.5045      3.5131      3.2796      3.1513      3.7647      3.4291      3.2917      3.3674      3.3166      3.3156      4.3466      4.3652      4.3998      4.5784      4.5807      4.5847      4.6439      4.6439      4.6453      4.7066      4.7063      4.7081      
2008-08-04     2.6296      2.5710      2.5156      3.6545      3.3596      3.1931      3.8956      3.5058      3.3336      3.4199      3.3411      3.3213      4.3485      4.3598      4.3940      4.5778      4.5798      4.5840      4.6443      4.6440      4.6451      4.7070      4.7064      4.7078      
2008-08-05     2.6815      2.5996      2.5276      3.7618      3.4526      3.2311      3.9335      3.5767      3.3617      3.4602      3.3734      3.3331      4.3454      4.3534      4.3878      4.5775      4.5792      4.5833      4.6450      4.6442      4.6449      4.7072      4.7066      4.7075      
2008-08-06     2.7348      2.6285      2.5406      3.8353      3.5348      3.2642      3.8731      3.6343      3.3839      3.4811      3.3962      3.3412      4.3424      4.3481      4.3820      4.5772      4.5786      4.5827      4.6455      4.6446      4.6449      4.7074      4.7067      4.7073      
2008-08-07     2.7866      2.6550      2.5554      3.7304      3.5509      3.2801      3.7874      3.6859      3.4087      3.4933      3.4143      3.3464      4.3373      4.3434      4.3757      4.5769      4.5782      4.5821      4.6460      4.6448      4.6448      4.7075      4.7069      4.7071      
2008-08-08     2.7880      2.6815      2.5773      3.6056      3.5593      3.3000      3.6686      3.7167      3.4276      3.4848      3.4261      3.3499      4.3309      4.3387      4.3699      4.5767      4.5776      4.5814      4.6461      4.6450      4.6448      4.7073      4.7070      4.7070      
2008-08-11     2.7805      2.7050      2.5987      3.4619      3.5582      3.3070      3.5519      3.7237      3.4438      3.4512      3.4356      3.3529      4.3263      4.3374      4.3649      4.5765      4.5772      4.5807      4.6460      4.6452      4.6447      4.7071      4.7070      4.7068      
2008-08-12     2.7681      2.7248      2.6163      3.2943      3.5280      3.3100      3.4290      3.6813      3.4368      3.3867      3.4235      3.3553      4.3240      4.3347      4.3598      4.5760      4.5767      4.5801      4.6456      4.6453      4.6447      4.7068      4.7070      4.7067      
2008-08-13     2.7507      2.7428      2.6271      3.1653      3.5003      3.3221      3.3278      3.6004      3.4334      3.3432      3.4122      3.3522      4.3209      4.3317      4.3548      4.5753      4.5763      4.5794      4.6451      4.6453      4.6446      4.7066      4.7070      4.7067      
2008-08-14     2.6994      2.7430      2.6290      3.1647      3.4476      3.3322      3.2386      3.5130      3.4312      3.3081      3.4007      3.3514      4.3219      4.3296      4.3503      4.5745      4.5757      4.5787      4.6445      4.6452      4.6445      4.7064      4.7069      4.7066      
2008-08-15     2.6523      2.7202      2.6313      3.0893      3.3474      3.3135      3.1857      3.4272      3.4281      3.2906      3.3877      3.3521      4.3217      4.3263      4.3457      4.5740      4.5754      4.5780      4.6441      4.6451      4.6445      4.7062      4.7068      4.7065      
2008-08-18     2.6192      2.6999      2.6354      3.1149      3.2884      3.3240      3.1530      3.3525      3.4291      3.2938      3.3725      3.3568      4.3195      4.3229      4.3414      4.5732      4.5749      4.5773      4.6437      4.6449      4.6444      4.7059      4.7065      4.7065      
2008-08-19     2.5920      2.6800      2.6398      3.1143      3.2043      3.3285      3.1439      3.2864      3.4316      3.3117      3.3492      3.3613      4.3198      4.3219      4.3376      4.5727      4.5743      4.5767      4.6434      4.6445      4.6444      4.7057      4.7063      4.7064      
2008-08-20     2.5667      2.6587      2.6436      3.1064      3.1359      3.3353      3.1366      3.2322      3.4332      3.3140      3.3286      3.3624      4.3209      4.3209      4.3345      4.5721      4.5737      4.5762      4.6432      4.6441      4.6443      4.7054      4.7060      4.7064      
2008-08-21     2.5729      2.6362      2.6456      3.0622      3.1135      3.3322      3.1269      3.1827      3.4343      3.3146      3.3114      3.3628      4.3203      4.3211      4.3323      4.5718      4.5732      4.5757      4.6431      4.6438      4.6443      4.7053      4.7058      4.7064      
2008-08-22     2.5761      2.6142      2.6479      3.1233      3.1063      3.3328      3.1201      3.1529      3.4348      3.3147      3.3026      3.3644      4.3225      4.3221      4.3304      4.5714      4.5727      4.5751      4.6430      4.6436      4.6443      4.7053      4.7057      4.7064      
2008-08-25     2.5721      2.5957      2.6504      3.0679      3.0914      3.3248      3.0953      3.1242      3.4240      3.2893      3.2915      3.3635      4.3230      4.3213      4.3293      4.5714      4.5723      4.5747      4.6429      4.6433      4.6442      4.7053      4.7056      4.7063      
2008-08-26     2.5667      2.5793      2.6521      3.0521      3.0832      3.3056      3.0802      3.1121      3.3967      3.2566      3.2842      3.3538      4.3223      4.3211      4.3279      4.5710      4.5718      4.5743      4.6425      4.6430      4.6441      4.7051      4.7054      4.7062      
2008-08-27     2.5752      2.5709      2.6568      3.0367      3.0716      3.2859      3.0690      3.1028      3.3516      3.2441      3.2791      3.3456      4.3223      4.3216      4.3266      4.5703      4.5712      4.5737      4.6422      4.6427      4.6440      4.7048      4.7051      4.7061      
2008-08-28     2.5899      2.5814      2.6622      3.0755      3.0689      3.2582      3.0811      3.1040      3.3085      3.2363      3.2754      3.3381      4.3219      4.3211      4.3254      4.5695      4.5706      4.5732      4.6418      4.6425      4.6438      4.7045      4.7049      4.7059      
2008-08-29     2.6042      2.5902      2.6552      3.0682      3.0958      3.2216      3.0954      3.1078      3.2675      3.2277      3.2712      3.3294      4.3219      4.3222      4.3242      4.5687      4.5701      4.5727      4.6415      4.6423      4.6437      4.7041      4.7047      4.7057      
2008-09-01     2.6169      2.5945      2.6472      3.0883      3.0781      3.1833      3.1133      3.1043      3.2284      3.2261      3.2577      3.3151      4.3226      4.3228      4.3229      4.5681      4.5697      4.5723      4.6414      4.6421      4.6435      4.7039      4.7046      4.7055      
2008-09-02     2.6360      2.6014      2.6407      3.0953      3.0737      3.1390      3.1278      3.1040      3.1952      3.2249      3.2407      3.2950      4.3229      4.3226      4.3223      4.5678      4.5694      4.5719      4.6415      4.6420      4.6433      4.7038      4.7044      4.7054      
2008-09-03     2.6449      2.6101      2.6344      3.0976      3.0671      3.1015      3.1422      3.1056      3.1689      3.2236      3.2339      3.2812      4.3206      4.3215      4.3212      4.5679      4.5691      4.5714      4.6415      4.6418      4.6430      4.7040      4.7044      4.7052      
2008-09-04     2.6509      2.6204      2.6283      3.0855      3.0805      3.0970      3.1350      3.1081      3.1454      3.2228      3.2295      3.2704      4.3189      4.3204      4.3208      4.5679      4.5687      4.5709      4.6414      4.6416      4.6427      4.7041      4.7043      4.7051      
2008-09-05     2.6551      2.6297      2.6220      3.0758      3.0720      3.0892      3.1108      3.1031      3.1280      3.2225      3.2251      3.2639      4.3161      4.3190      4.3206      4.5676      4.5682      4.5704      4.6413      4.6414      4.6425      4.7040      4.7041      4.7049      
2008-09-08     2.6549      2.6359      2.6158      3.0406      3.0644      3.0779      3.0984      3.1059      3.1150      3.2160      3.2211      3.2563      4.3150      4.3188      4.3200      4.5673      4.5677      4.5700      4.6411      4.6412      4.6423      4.7041      4.7040      4.7048      
2008-09-09     2.6459      2.6410      2.6101      3.0375      3.0664      3.0748      3.0927      3.1103      3.1112      3.2115      3.2182      3.2512      4.3134      4.3182      4.3196      4.5665      4.5672      4.5695      4.6409      4.6412      4.6421      4.7039      4.7039      4.7046      
2008-09-10     2.6368      2.6409      2.6059      3.0289      3.0632      3.0674      3.0874      3.1148      3.1088      3.2127      3.2182      3.2486      4.3152      4.3179      4.3197      4.5658      4.5668      4.5690      4.6407      4.6411      4.6419      4.7035      4.7038      4.7044      
2008-09-11     2.6267      2.6388      2.6101      2.9999      3.0427      3.0558      3.0730      3.1040      3.1040      3.2117      3.2172      3.2463      4.3160      4.3175      4.3193      4.5651      4.5665      4.5686      4.6405      4.6410      4.6417      4.7033      4.7037      4.7043      
2008-09-12     2.6188      2.6370      2.6136      3.0022      3.0390      3.0674      3.0719      3.0914      3.0996      3.2093      3.2159      3.2436      4.3182      4.3172      4.3197      4.5647      4.5662      4.5681      4.6403      4.6408      4.6415      4.7031      4.7036      4.7041      
2008-09-16     2.6152      2.6351      2.6148      3.0162      3.0284      3.0532      3.0583      3.0784      3.0914      3.2103      3.2131      3.2354      4.3159      4.3154      4.3191      4.5621      4.5647      4.5672      4.6370      4.6390      4.6406      4.7008      4.7025      4.7035      
2008-09-17     2.6161      2.6310      2.6162      3.0246      3.0310      3.0524      3.0449      3.0688      3.0864      3.2102      3.2109      3.2258      4.3117      4.3125      4.3176      4.5586      4.5626      4.5660      4.6311      4.6360      4.6390      4.6971      4.7005      4.7025      
2008-09-18     2.6321      2.6345      2.6223      3.0668      3.0478      3.0575      3.0667      3.0770      3.0913      3.2228      3.2177      3.2258      4.3054      4.3103      4.3159      4.5546      4.5602      4.5646      4.6254      4.6331      4.6374      4.6936      4.6986      4.7015      
2008-09-19     2.7062      2.6665      2.6434      3.1314      3.0656      3.0731      3.1484      3.1107      3.1094      3.2543      3.2330      3.2313      4.3011      4.3085      4.3145      4.5509      4.5580      4.5633      4.6192      4.6299      4.6357      4.6891      4.6962      4.7002      
2008-09-22     2.7909      2.7049      2.6673      3.2157      3.1089      3.0905      3.2468      3.1593      3.1312      3.3547      3.2820      3.2536      4.2970      4.3076      4.3133      4.5470      4.5558      4.5620      4.6122      4.6263      4.6338      4.6844      4.6938      4.6989      
2008-09-23     2.8697      2.7425      2.6892      3.3014      3.1588      3.1116      3.3531      3.2057      3.1558      3.4786      3.3444      3.2827      4.2974      4.3066      4.3127      4.5454      4.5538      4.5607      4.6075      4.6222      4.6317      4.6813      4.6910      4.6975      
2008-09-24     2.9486      2.7824      2.7117      3.3473      3.1859      3.1262      3.4616      3.2533      3.1818      3.5973      3.4037      3.3110      4.3001      4.3059      4.3120      4.5447      4.5517      4.5594      4.6047      4.6179      4.6295      4.6795      4.6883      4.6961      
2008-09-25     2.9755      2.8038      2.7223      3.3735      3.2201      3.1417      3.5348      3.3007      3.2078      3.6798      3.4513      3.3347      4.3039      4.3046      4.3113      4.5447      4.5497      4.5582      4.6014      4.6134      4.6272      4.6774      4.6855      4.6946      
2008-09-26     2.9473      2.8268      2.7328      3.3917      3.2616      3.1521      3.5394      3.3439      3.2239      3.7156      3.4850      3.3511      4.3059      4.3035      4.3105      4.5441      4.5475      4.5570      4.5984      4.6088      4.6249      4.6762      4.6826      4.6932      
2008-09-27     2.9030      2.8469      2.7420      3.3938      3.3047      3.1719      3.5350      3.3909      3.2411      3.6648      3.5098      3.3628      4.3063      4.3017      4.3094      4.5435      4.5453      4.5557      4.5958      4.6040      4.6224      4.6749      4.6797      4.6916      
2008-09-28     2.9461      2.9079      2.7715      3.3585      3.3300      3.1792      3.4860      3.4195      3.2490      3.5914      3.5350      3.3740      4.3061      4.3017      4.3086      4.5424      4.5439      4.5543      4.5939      4.6007      4.6199      4.6739      4.6776      4.6900      
2008-10-06     2.9824      2.9655      2.7983      3.4037      3.3755      3.2033      3.4837      3.4726      3.2707      3.5132      3.5552      3.3830      4.3055      4.3028      4.3077      4.5416      4.5432      4.5529      4.5926      4.5986      4.6173      4.6731      4.6763      4.6884      
2008-10-07     3.0558      3.0156      2.8250      3.4815      3.4275      3.2377      3.4903      3.5125      3.2948      3.4541      3.5669      3.3923      4.3047      4.3043      4.3073      4.5398      4.5423      4.5512      4.5908      4.5961      4.6146      4.6719      4.6746      4.6866      
2008-10-08     3.0725      3.0099      2.8382      3.4681      3.4299      3.2478      3.4806      3.5100      3.3104      3.4278      3.5717      3.4024      4.3038      4.3048      4.3067      4.5378      4.5409      4.5495      4.5883      4.5933      4.6116      4.6701      4.6732      4.6847      
2008-10-09     3.0683      2.9856      2.8453      3.4390      3.4164      3.2627      3.4630      3.4990      3.3292      3.4190      3.5419      3.4120      4.2975      4.3019      4.3048      4.5300      4.5368      4.5463      4.5797      4.5878      4.6070      4.6602      4.6675      4.6806      
2008-10-10     2.9839      2.9650      2.8537      3.4737      3.4161      3.2874      3.4673      3.4766      3.3412      3.3890      3.4902      3.4173      4.2898      4.2979      4.3023      4.5206      4.5315      4.5426      4.5688      4.5814      4.6018      4.6467      4.6603      4.6757      
2008-10-13     2.8645      2.9235      2.8529      3.4279      3.4158      3.3009      3.4220      3.4528      3.3530      3.3614      3.4373      3.4205      4.2800      4.2928      4.2993      4.5104      4.5260      4.5388      4.5559      4.5743      4.5961      4.6311      4.6521      4.6702      
2008-10-14     2.7362      2.8960      2.8499      3.3116      3.3966      3.3084      3.3543      3.4223      3.3615      3.3364      3.3953      3.4233      4.2681      4.2864      4.2955      4.4995      4.5197      4.5347      4.5423      4.5666      4.5900      4.6149      4.6434      4.6644      
2008-10-15     2.6223      2.8474      2.8371      3.2850      3.3765      3.3191      3.3016      3.3911      3.3675      3.2903      3.3590      3.4220      4.2546      4.2792      4.2913      4.4880      4.5129      4.5302      4.5278      4.5581      4.5834      4.5977      4.6339      4.6583      
2008-10-16     2.5413      2.8048      2.8259      3.2635      3.3512      3.3280      3.2485      3.3558      3.3733      3.2375      3.3283      3.4190      4.2443      4.2709      4.2863      4.4807      4.5054      4.5253      4.5183      4.5490      4.5765      4.5876      4.6239      4.6518      
2008-10-17     2.4397      2.7118      2.8099      3.1960      3.3348      3.3324      3.2028      3.3351      3.3773      3.1969      3.2930      3.4140      4.2328      4.2613      4.2815      4.4745      4.4975      4.5207      4.5105      4.5397      4.5702      4.5799      4.6133      4.6454      
2008-10-20     2.3788      2.6216      2.7936      3.1317      3.2798      3.3276      3.1397      3.2808      3.3767      3.1612      3.2613      3.4082      4.2233      4.2517      4.2772      4.4679      4.4892      4.5162      4.5039      4.5299      4.5643      4.5730      4.6020      4.6392      
2008-10-21     2.3267      2.5314      2.7735      3.1001      3.2059      3.3167      3.0903      3.2223      3.3674      3.1175      3.2270      3.3969      4.2147      4.2414      4.2729      4.4622      4.4809      4.5116      4.4981      4.5202      4.5582      4.5666      4.5908      4.6327      
2008-10-22     2.3133      2.4678      2.7389      3.0387      3.1618      3.2959      3.0566      3.1791      3.3446      3.0915      3.1909      3.3813      4.2067      4.2307      4.2677      4.4576      4.4728      4.5069      4.4937      4.5108      4.5521      4.5611      4.5794      4.6263      
2008-10-23     2.2939      2.4176      2.7016      2.9978      3.1307      3.2735      3.0276      3.1381      3.3185      3.0809      3.1592      3.3506      4.1995      4.2219      4.2619      4.4542      4.4675      4.5021      4.4898      4.5040      4.5459      4.5565      4.5720      4.6198      
2008-10-24     2.2947      2.3672      2.6661      2.9775      3.0867      3.2514      3.0107      3.1068      3.2917      3.0773      3.1371      3.3137      4.1930      4.2129      4.2554      4.4507      4.4626      4.4970      4.4861      4.4983      4.5398      4.5524      4.5662      4.6132      
2008-10-27     2.2949      2.3369      2.6302      2.9606      3.0461      3.2310      3.0098      3.0747      3.2638      3.0768      3.1190      3.2781      4.1848      4.2041      4.2484      4.4472      4.4576      4.4918      4.4818      4.4929      4.5336      4.5483      4.5606      4.6064      
2008-10-28     2.2944      2.3106      2.6033      2.9412      3.0207      3.2086      3.0020      3.0461      3.2342      3.0773      3.0974      3.2463      4.1739      4.1943      4.2404      4.4421      4.4522      4.4859      4.4771      4.4876      4.5271      4.5435      4.5551      4.5992      
2008-10-29     2.2953      2.3043      2.5759      2.9446      2.9917      3.1841      2.9918      3.0242      3.2077      3.0735      3.0825      3.2208      4.1618      4.1843      4.2317      4.4353      4.4464      4.4796      4.4717      4.4827      4.5204      4.5381      4.5496      4.5918      
2008-10-30     2.2949      2.2944      2.5496      2.9282      2.9630      3.1571      2.9780      3.0028      3.1793      3.0595      3.0702      3.1992      4.1438      4.1716      4.2213      4.4184      4.4363      4.4708      4.4588      4.4743      4.5116      4.5235      4.5400      4.5819      
2008-10-31     2.2944      2.2946      2.5032      2.8924      2.9350      3.1349      2.9595      2.9851      3.1601      3.0425      3.0599      3.1764      4.1215      4.1573      4.2093      4.3987      4.4247      4.4611      4.4412      4.4636      4.5017      4.5040      4.5282      4.5707      
2008-11-03     2.2942      2.2946      2.4581      2.8843      2.9224      3.1011      2.9365      2.9731      3.1270      3.0258      3.0513      3.1563      4.0954      4.1401      4.1959      4.3772      4.4122      4.4507      4.4230      4.4524      4.4912      4.4840      4.5161      4.5591      
2008-11-04     2.3021      2.2983      2.4148      2.8925      2.9168      3.0614      2.9222      2.9621      3.0922      3.0172      3.0473      3.1371      4.0682      4.1211      4.1812      4.3559      4.3990      4.4399      4.4041      4.4406      4.4804      4.4629      4.5032      4.5470      
2008-11-05     2.2817      2.2885      2.3782      2.8788      2.9117      3.0368      2.9064      2.9491      3.0641      3.0154      3.0444      3.1177      4.0396      4.1007      4.1657      4.3337      4.3845      4.4286      4.3839      4.4278      4.4693      4.4402      4.4892      4.5343      
2008-11-06     2.2721      2.2835      2.3506      2.8653      2.8968      3.0137      2.8907      2.9344      3.0362      3.0147      3.0371      3.0982      4.0155      4.0797      4.1508      4.3199      4.3691      4.4183      4.3711      4.4149      4.4595      4.4259      4.4747      4.5234      
2008-11-07     2.2629      2.2787      2.3230      2.8625      2.8775      2.9821      2.8694      2.9145      3.0106      3.0090      3.0257      3.0814      3.9944      4.0580      4.1354      4.3073      4.3530      4.4078      4.3615      4.4014      4.4498      4.4153      4.4596      4.5129      
2008-11-10     2.2399      2.2671      2.3020      2.8452      2.8647      2.9554      2.8503      2.8934      2.9841      3.0019      3.0139      3.0664      3.9753      4.0354      4.1197      4.2957      4.3365      4.3970      4.3519      4.3875      4.4402      4.4045      4.4442      4.5024      
2008-11-11     2.2115      2.2568      2.2837      2.8142      2.8533      2.9370      2.8288      2.8755      2.9608      2.9917      3.0045      3.0509      3.9545      4.0114      4.1028      4.2792      4.3176      4.3849      4.3414      4.3727      4.4302      4.3943      4.4286      4.4918      
2008-11-12     2.2114      2.2466      2.2754      2.7971      2.8379      2.9148      2.8132      2.8598      2.9420      2.9792      2.9973      3.0399      3.9309      3.9852      4.0848      4.2605      4.2971      4.3718      4.3302      4.3570      4.4199      4.3848      4.4125      4.4811      
2008-11-13     2.2030      2.2376      2.2660      2.7647      2.8150      2.8890      2.7961      2.8434      2.9231      2.9642      2.9895      3.0298      3.9049      3.9602      4.0659      4.2369      4.2784      4.3573      4.3167      4.3439      4.4091      4.3739      4.3999      4.4699      
2008-11-14     2.1869      2.2249      2.2598      2.7496      2.8060      2.8705      2.7951      2.8323      2.9087      2.9531      2.9811      3.0205      3.8750      3.9347      4.0460      4.2096      4.2585      4.3416      4.3014      4.3315      4.3976      4.3618      4.3885      4.4584      
2008-11-17     2.1899      2.2149      2.2548      2.7301      2.7876      2.8550      2.7854      2.8179      2.8955      2.9431      2.9725      3.0119      3.8414      3.9083      4.0242      4.1774      4.2365      4.3244      4.2844      4.3182      4.3853      4.3477      4.3761      4.4461      
2008-11-18     2.1950      2.2033      2.2508      2.6989      2.7565      2.8367      2.7695      2.7992      2.8806      2.9306      2.9612      3.0042      3.8053      3.8799      4.0005      4.1429      4.2110      4.3050      4.2644      4.3029      4.3718      4.3305      4.3624      4.4328      
2008-11-19     2.1998      2.2056      2.2470      2.6681      2.7326      2.8222      2.7457      2.7795      2.8643      2.9156      2.9474      2.9959      3.7683      3.8496      3.9751      4.1069      4.1837      4.2841      4.2413      4.2857      4.3568      4.3098      4.3473      4.4182      
2008-11-20     2.2074      2.2052      2.2444      2.6501      2.7074      2.8021      2.7166      2.7564      2.8454      2.8999      2.9321      2.9846      3.7281      3.8165      3.9481      4.0672      4.1521      4.2606      4.2131      4.2649      4.3399      4.2849      4.3294      4.4020      
2008-11-21     2.2118      2.1994      2.2390      2.6090      2.6793      2.7784      2.6668      2.7310      2.8227      2.8733      2.9132      2.9695      3.6857      3.7804      3.9192      4.0267      4.1182      4.2356      4.1800      4.2407      4.3211      4.2538      4.3078      4.3837      
2008-11-24     2.2122      2.2011      2.2341      2.5882      2.6592      2.7619      2.6295      2.7075      2.8004      2.8443      2.8937      2.9538      3.6416      3.7415      3.8884      3.9875      4.0824      4.2094      4.1442      4.2143      4.3009      4.2204      4.2840      4.3641      
2008-11-25     2.2077      2.2013      2.2291      2.5771      2.6380      2.7457      2.6002      2.6849      2.7802      2.8220      2.8763      2.9404      3.5990      3.7021      3.8567      3.9522      4.0475      4.1826      4.1076      4.1860      4.2794      4.1861      4.2583      4.3434      
2008-11-26     2.2051      2.2024      2.2245      2.5588      2.6135      2.7257      2.5708      2.6583      2.7590      2.8020      2.8588      2.9281      3.5562      3.6623      3.8237      3.9158      4.0114      4.1542      4.0689      4.1551      4.2560      4.1513      4.2306      4.3215      
2008-11-27     2.0664      2.1369      2.1872      2.4362      2.5432      2.6791      2.4488      2.5827      2.7130      2.6913      2.7956      2.8926      3.3902      3.5592      3.7597      3.7372      3.9022      4.0903      3.8833      4.0482      4.1961      3.9706      4.1277      4.2638      
2008-11-28     1.9478      2.0798      2.1524      2.3546      2.4818      2.6439      2.3480      2.5074      2.6698      2.5893      2.7313      2.8562      3.2213      3.4535      3.6941      3.5489      3.7878      4.0231      3.6931      3.9366      4.1340      3.7861      4.0200      4.2043      
2008-12-01     1.8084      2.0103      2.1126      2.2321      2.4102      2.5989      2.2344      2.4319      2.6249      2.4695      2.6569      2.8147      3.0541      3.3479      3.6281      3.3577      3.6726      3.9546      3.4982      3.8212      4.0697      3.5964      3.9084      4.1422      
2008-12-02     1.6681      1.9379      2.0706      2.1119      2.3445      2.5505      2.1168      2.3585      2.5788      2.3382      2.5801      2.7706      2.8885      3.2437      3.5618      3.1631      3.5577      3.8843      3.2997      3.7036      4.0033      3.4044      3.7952      4.0788      
2008-12-03     1.5260      1.8655      2.0356      2.0000      2.2794      2.5060      2.0084      2.2896      2.5345      2.2041      2.5030      2.7252      2.7284      3.1423      3.4960      2.9696      3.4427      3.8132      3.1028      3.5858      3.9358      3.2128      3.6820      4.0147      
2008-12-04     1.5149      1.7906      1.9979      1.9980      2.2171      2.4623      2.0021      2.2254      2.4909      2.1634      2.4274      2.6797      2.6961      3.0432      3.4298      2.9244      3.3308      3.7414      3.0565      3.4699      3.8674      3.1685      3.5696      3.9495      
2008-12-05     1.4830      1.7154      1.9574      1.9484      2.1515      2.4154      1.9805      2.1642      2.4476      2.1267      2.3580      2.6356      2.6701      2.9457      3.3630      2.8880      3.2185      3.6683      3.0158      3.3545      3.7976      3.1296      3.4578      3.8828      
2008-12-08     1.4692      1.6388      1.9199      1.9212      2.0767      2.3679      1.9602      2.0973      2.4024      2.1190      2.2943      2.5940      2.6447      2.8494      3.2954      2.8537      3.1057      3.5941      2.9797      3.2390      3.7266      3.0955      3.3459      3.8150      
2008-12-09     1.4524      1.5602      1.8808      1.8770      1.9945      2.3162      1.9328      2.0248      2.3548      2.1001      2.2191      2.5477      2.6186      2.7536      3.2278      2.8222      2.9927      3.5201      2.9491      3.1244      3.6552      3.0640      3.2342      3.7462      
2008-12-10     1.3822      1.4541      1.8283      1.7967      1.8984      2.2559      1.8955      1.9519      2.3051      2.0618      2.1329      2.4959      2.5879      2.6582      3.1602      2.7912      2.8804      3.4459      2.9195      3.0111      3.5831      3.0337      3.1232      3.6769      
2008-12-11     1.3066      1.4107      1.7738      1.6941      1.8461      2.1946      1.8024      1.9023      2.2425      1.9965      2.0800      2.4378      2.5479      2.6220      3.0906      2.7581      2.8412      3.3717      2.8896      2.9731      3.5106      3.0036      3.0861      3.6069      
2008-12-12     1.2410      1.3620      1.7209      1.6311      1.7897      2.1358      1.7108      1.8457      2.1765      1.9192      2.0229      2.3771      2.5004      2.5853      3.0194      2.7246      2.8063      3.2971      2.8593      2.9375      3.4371      2.9730      3.0513      3.5356      
2008-12-15     1.1738      1.3215      1.6659      1.5672      1.7442      2.0772      1.6215      1.7909      2.1114      1.8225      1.9708      2.3138      2.4517      2.5482      2.9480      2.6916      2.7727      3.2226      2.8301      2.9049      3.3631      2.9446      3.0200      3.4642      
2008-12-16     1.0984      1.2754      1.6066      1.5198      1.6984      2.0215      1.5350      1.7339      2.0462      1.7480      1.9240      2.2521      2.4037      2.5112      2.8774      2.6578      2.7400      3.1488      2.7995      2.8743      3.2890      2.9150      2.9895      3.3924      
2008-12-17     1.0620      1.2221      1.5438      1.4952      1.6459      1.9627      1.4333      1.6644      1.9770      1.6647      1.8632      2.1831      2.3561      2.4720      2.8072      2.6231      2.7072      3.0749      2.7671      2.8433      3.2146      2.8832      2.9585      3.3203      
2008-12-18     1.0278      1.1672      1.4789      1.4831      1.5886      1.9029      1.3808      1.5916      1.9085      1.6039      1.8002      2.1138      2.3152      2.4315      2.7374      2.5904      2.6742      3.0025      2.7331      2.8114      3.1406      2.8513      2.9275      3.2485      
2008-12-19     0.9908      1.1159      1.4157      1.4563      1.5437      1.8476      1.3330      1.5219      1.8431      1.5529      1.7360      2.0470      2.2780      2.3892      2.6674      2.5598      2.6422      2.9303      2.7013      2.7803      3.0674      2.8219      2.8975      3.1777      
2008-12-22     0.9547      1.0643      1.3515      1.4275      1.4973      1.7870      1.2912      1.4563      1.7768      1.4918      1.6572      1.9757      2.2426      2.3471      2.5983      2.5265      2.6091      2.8574      2.6699      2.7500      2.9945      2.7930      2.8688      3.1074      
2008-12-23     0.9303      1.0143      1.2873      1.3987      1.4593      1.7269      1.2570      1.3960      1.7104      1.4220      1.5850      1.9021      2.1925      2.2981      2.5258      2.4797      2.5687      2.7807      2.6253      2.7124      2.9184      2.7509      2.8330      3.0336      
2008-12-24     0.9181      0.9901      1.2221      1.3495      1.4224      1.6604      1.2485      1.3409      1.6464      1.3829      1.5238      1.8284      2.1354      2.2457      2.4520      2.4229      2.5230      2.7017      2.5731      2.6701      2.8406      2.6994      2.7913      2.9573      
2008-12-25     0.9101      0.9690      1.1898      1.3117      1.3974      1.6217      1.2501      1.3154      1.6088      1.3496      1.4767      1.7784      2.0753      2.1952      2.4086      2.3594      2.4749      2.6581      2.5161      2.6246      2.7988      2.6417      2.7465      2.9163      
2008-12-26     0.9055      0.9482      1.1551      1.2724      1.3643      1.5770      1.2443      1.2887      1.5672      1.3178      1.4354      1.7291      2.0163      2.1471      2.3662      2.2961      2.4280      2.6171      2.4570      2.5791      2.7583      2.5809      2.7014      2.8764      
2008-12-29     0.9006      0.9277      1.1246      1.2292      1.3284      1.5363      1.2278      1.2595      1.5252      1.3030      1.3974      1.6841      1.9536      2.0981      2.3231      2.2342      2.3804      2.5765      2.3954      2.5327      2.7188      2.5168      2.6549      2.8374      
2008-12-30     0.8965      0.9134      1.0944      1.1710      1.2849      1.4916      1.2057      1.2314      1.4826      1.2857      1.3539      1.6390      1.9016      2.0470      2.2791      2.1841      2.3319      2.5359      2.3435      2.4844      2.6793      2.4660      2.6085      2.7990      
2008-12-31     0.9058      0.9120      1.0670      1.1312      1.2403      1.4431      1.1890      1.2188      1.4416      1.2684      1.3256      1.5944      1.8579      1.9967      2.2343      2.1458      2.2844      2.4958      2.3019      2.4375      2.6404      2.4256      2.5625      2.7605      
