日期           O/N                                 1W                                  2W                                  1M                                  3M                                  6M                                  9M                                  1Y                                  
===========================================================================================================================================
               5日均值     10日均值    20日均值    5日均值     10日均值    20日均值    5日均值     10日均值    20日均值    5日均值     10日均值    20日均值    5日均值     10日均值    20日均值    5日均值     10日均值    20日均值    5日均值     10日均值    20日均值    5日均值     10日均值    20日均值    
2010-01-04     1.1430      1.1490      1.1650      1.5368      1.4811      1.4733      1.7445      1.7717      1.6638      1.7915      1.7774      1.7537      1.8316      1.8283      1.8217      1.9095      1.9075      1.9047      2.0598      2.0575      2.0543      2.2502      2.2499      2.2473      
2010-01-05     1.1354      1.1444      1.1603      1.5095      1.4766      1.4689      1.7028      1.7517      1.6686      1.7844      1.7788      1.7555      1.8314      1.8293      1.8227      1.9100      1.9083      1.9052      2.0600      2.0581      2.0549      2.2502      2.2500      2.2478      
2010-01-06     1.1293      1.1409      1.1559      1.4738      1.4719      1.4660      1.6569      1.7291      1.6722      1.7751      1.7789      1.7567      1.8308      1.8300      1.8236      1.9105      1.9090      1.9058      2.0600      2.0588      2.0554      2.2502      2.2501      2.2483      
2010-01-07     1.1154      1.1334      1.1501      1.4365      1.4704      1.4619      1.6032      1.7002      1.6703      1.7642      1.7769      1.7575      1.8308      1.8306      1.8246      1.9116      1.9100      1.9066      2.0607      2.0596      2.0561      2.2511      2.2506      2.2489      
2010-01-08     1.0983      1.1239      1.1437      1.4033      1.4714      1.4590      1.5589      1.6685      1.6661      1.7546      1.7744      1.7585      1.8318      1.8314      1.8257      1.9137      1.9114      1.9075      2.0623      2.0608      2.0570      2.2530      2.2516      2.2498      
2010-01-11     1.0842      1.1136      1.1373      1.3927      1.4648      1.4532      1.5102      1.6274      1.6594      1.7480      1.7698      1.7590      1.8336      1.8326      1.8270      1.9163      1.9129      1.9086      2.0646      2.0622      2.0580      2.2555      2.2529      2.2507      
2010-01-12     1.0679      1.1017      1.1303      1.3997      1.4546      1.4512      1.4756      1.5892      1.6534      1.7443      1.7643      1.7594      1.8364      1.8339      1.8284      1.9197      1.9149      1.9098      2.0682      2.0641      2.0593      2.2591      2.2547      2.2519      
2010-01-13     1.0613      1.0953      1.1262      1.3987      1.4362      1.4483      1.4450      1.5510      1.6468      1.7425      1.7588      1.7599      1.8411      1.8360      1.8302      1.9251      1.9178      1.9116      2.0739      2.0670      2.0611      2.2652      2.2577      2.2535      
2010-01-14     1.0549      1.0852      1.1205      1.4094      1.4229      1.4482      1.4308      1.5170      1.6406      1.7426      1.7534      1.7603      1.8463      1.8386      1.8322      1.9304      1.9210      1.9135      2.0798      2.0702      2.0631      2.2715      2.2613      2.2555      
2010-01-15     1.0484      1.0733      1.1136      1.4125      1.4079      1.4462      1.4229      1.4909      1.6341      1.7419      1.7482      1.7608      1.8519      1.8419      1.8345      1.9358      1.9247      1.9158      2.0856      2.0739      2.0653      2.2780      2.2655      2.2576      
2010-01-18     1.0444      1.0643      1.1066      1.4194      1.4061      1.4436      1.4214      1.4658      1.6188      1.7413      1.7446      1.7610      1.8574      1.8455      1.8369      1.9419      1.9291      1.9183      2.0912      2.0779      2.0677      2.2846      2.2701      2.2600      
2010-01-19     1.0431      1.0555      1.0999      1.4046      1.4022      1.4394      1.4192      1.4474      1.5996      1.7408      1.7425      1.7607      1.8630      1.8497      1.8395      1.9481      1.9339      1.9211      2.0971      2.0827      2.0704      2.2915      2.2753      2.2627      
2010-01-20     1.0315      1.0464      1.0937      1.4172      1.4079      1.4399      1.4403      1.4427      1.5859      1.7398      1.7411      1.7600      1.8676      1.8543      1.8422      1.9532      1.9391      1.9241      2.1021      2.0880      2.0734      2.2978      2.2815      2.2658      
2010-01-21     1.0277      1.0413      1.0873      1.4102      1.4098      1.4401      1.4589      1.4448      1.5725      1.7387      1.7407      1.7588      1.8723      1.8593      1.8450      1.9584      1.9444      1.9272      2.1076      2.0937      2.0766      2.3040      2.2878      2.2692      
2010-01-22     1.0305      1.0394      1.0817      1.4234      1.4180      1.4447      1.4801      1.4515      1.5600      1.7381      1.7400      1.7572      1.8766      1.8643      1.8478      1.9633      1.9496      1.9305      2.1132      2.0994      2.0801      2.3099      2.2939      2.2728      
2010-01-25     1.0626      1.0535      1.0836      1.4204      1.4199      1.4423      1.4989      1.4601      1.5438      1.7393      1.7403      1.7550      1.8810      1.8692      1.8509      1.9672      1.9545      1.9337      2.1188      2.1050      2.0836      2.3155      2.3000      2.2764      
2010-01-26     1.0964      1.0697      1.0857      1.4561      1.4304      1.4425      1.5233      1.4713      1.5302      1.7413      1.7411      1.7527      1.8851      1.8741      1.8540      1.9703      1.9592      1.9370      2.1234      2.1103      2.0872      2.3202      2.3058      2.2802      
2010-01-27     1.1539      1.0927      1.0940      1.4742      1.4457      1.4410      1.5481      1.4942      1.5226      1.7451      1.7424      1.7506      1.8894      1.8785      1.8572      1.9732      1.9632      1.9405      2.1274      2.1148      2.0909      2.3235      2.3107      2.2842      
2010-01-28     1.2200      1.1238      1.1045      1.5618      1.4860      1.4545      1.6174      1.5382      1.5276      1.7586      1.7487      1.7510      1.8933      1.8828      1.8607      1.9760      1.9672      1.9441      2.1310      2.1193      2.0948      2.3262      2.3151      2.2882      
2010-01-29     1.2833      1.1569      1.1151      1.6364      1.5299      1.4689      1.6846      1.5824      1.5366      1.7733      1.7557      1.7520      1.8970      1.8868      1.8643      1.9790      1.9711      1.9479      2.1341      2.1236      2.0988      2.3284      2.3192      2.2923      
2010-02-01     1.3167      1.1897      1.1270      1.7227      1.5716      1.4888      1.7569      1.6279      1.5469      1.7909      1.7651      1.7549      1.9006      1.8908      1.8681      1.9822      1.9747      1.9519      2.1369      2.1278      2.1029      2.3303      2.3229      2.2965      
2010-02-02     1.3490      1.2227      1.1391      1.7727      1.6144      1.5083      1.8100      1.6667      1.5570      1.8100      1.7756      1.7591      1.9035      1.8943      1.8720      1.9846      1.9774      1.9557      2.1395      2.1314      2.1071      2.3319      2.3260      2.3007      
2010-02-03     1.3574      1.2556      1.1510      1.8170      1.6456      1.5268      1.8389      1.6935      1.5681      1.8289      1.7870      1.7641      1.9059      1.8976      1.8760      1.9861      1.9797      1.9594      2.1416      2.1345      2.1113      2.3329      2.3282      2.3048      
2010-02-04     1.3571      1.2885      1.1649      1.8027      1.6823      1.5460      1.8229      1.7202      1.5825      1.8375      1.7981      1.7694      1.9068      1.9000      1.8797      1.9868      1.9814      1.9629      2.1426      2.1368      2.1153      2.3335      2.3298      2.3088      
2010-02-05     1.3569      1.3201      1.1798      1.7777      1.7071      1.5625      1.8044      1.7445      1.5980      1.8458      1.8096      1.7748      1.9068      1.9019      1.8831      1.9867      1.9828      1.9662      2.1431      2.1386      2.1190      2.3339      2.3312      2.3126      
2010-02-08     1.3573      1.3370      1.1953      1.7767      1.7497      1.5848      1.7910      1.7740      1.6170      1.8504      1.8206      1.7805      1.9064      1.9035      1.8864      1.9861      1.9841      1.9693      2.1432      2.1401      2.1225      2.3344      2.3324      2.3162      
2010-02-09     1.3668      1.3579      1.2138      1.7977      1.7852      1.6078      1.8111      1.8106      1.6409      1.8582      1.8341      1.7876      1.9075      1.9055      1.8898      1.9860      1.9853      1.9722      2.1432      2.1413      2.1258      2.3351      2.3335      2.3196      
2010-02-10     1.3953      1.3764      1.2345      1.8108      1.8139      1.6298      1.8421      1.8405      1.6673      1.8674      1.8482      1.7953      1.9100      1.9079      1.8932      1.9861      1.9861      1.9746      2.1430      2.1423      2.1285      2.3359      2.3344      2.3225      
2010-02-11     1.6232      1.4901      1.3070      1.9992      1.9009      1.6935      1.9994      1.9112      1.7247      1.9104      1.8739      1.8113      1.9148      1.9108      1.8968      1.9894      1.9881      1.9777      2.1440      2.1433      2.1313      2.3380      2.3357      2.3254      
2010-02-12     1.8023      1.5796      1.3683      2.1500      1.9638      1.7469      2.0751      1.9398      1.7611      1.9416      1.8937      1.8247      1.9194      1.9131      1.9000      1.9927      1.9897      1.9804      2.1453      2.1442      2.1339      2.3405      2.3372      2.3282      
2010-02-20     1.9281      1.6427      1.4162      2.2089      1.9928      1.7822      2.1224      1.9567      1.7923      1.9737      1.9120      1.8386      1.9249      1.9157      1.9032      1.9974      1.9918      1.9832      2.1471      2.1452      2.1365      2.3435      2.3390      2.3309      
2010-02-21     1.9434      1.6551      1.4389      2.1312      1.9645      1.7894      2.0662      1.9387      1.8027      1.9813      1.9197      1.8477      1.9298      1.9187      1.9065      2.0044      1.9952      1.9863      2.1487      2.1459      2.1387      2.3460      2.3405      2.3333      
2010-02-22     1.9298      1.6626      1.4591      2.0592      1.9350      1.7903      1.9777      1.9099      1.8017      1.9754      1.9214      1.8542      1.9330      1.9215      1.9096      2.0119      1.9990      1.9893      2.1503      2.1466      2.1406      2.3483      2.3421      2.3352      
2010-02-23     1.7169      1.6700      1.4793      1.8350      1.9171      1.7997      1.7678      1.8836      1.8019      1.9337      1.9221      1.8601      1.9340      1.9244      1.9122      2.0151      2.0023      1.9918      2.1508      2.1474      2.1421      2.3492      2.3436      2.3367      
2010-02-24     1.5536      1.6780      1.4990      1.6683      1.9092      1.8081      1.6437      1.8594      1.8020      1.9030      1.9223      1.8659      1.9362      1.9278      1.9149      2.0179      2.0053      1.9941      2.1513      2.1483      2.1434      2.3497      2.3451      2.3381      
2010-02-25     1.4469      1.6875      1.5123      1.5828      1.8959      1.8228      1.5737      1.8481      1.8110      1.8708      1.9222      1.8714      1.9381      1.9315      1.9175      2.0192      2.0083      1.9962      2.1514      2.1492      2.1447      2.3495      2.3465      2.3394      
2010-02-26     1.4369      1.6902      1.5240      1.6145      1.8729      1.8290      1.5837      1.8250      1.8178      1.8582      1.9198      1.8769      1.9395      1.9346      1.9201      2.0180      2.0112      1.9983      2.1518      2.1502      2.1458      2.3497      2.3478      2.3406      
2010-03-01     1.4365      1.6832      1.5298      1.6495      1.8544      1.8341      1.6129      1.7953      1.8179      1.8534      1.9144      1.8813      1.9409      1.9370      1.9224      2.0160      2.0140      2.0000      2.1525      2.1514      2.1469      2.3499      2.3491      2.3418      
2010-03-02     1.4350      1.5759      1.5330      1.6732      1.7541      1.8275      1.6376      1.7027      1.8069      1.8492      1.8915      1.8827      1.9432      1.9386      1.9247      2.0153      2.0152      2.0017      2.1535      2.1522      2.1478      2.3505      2.3499      2.3428      
2010-03-03     1.4290      1.4913      1.5355      1.6909      1.6796      1.8217      1.6662      1.6549      1.7973      1.8447      1.8738      1.8838      1.9444      1.9403      1.9267      2.0154      2.0167      2.0032      2.1546      2.1529      2.1486      2.3510      2.3504      2.3438      
2010-03-04     1.4189      1.4329      1.5378      1.6900      1.6364      1.8146      1.6756      1.6247      1.7907      1.8413      1.8560      1.8840      1.9453      1.9417      1.9287      2.0157      2.0175      2.0046      2.1558      2.1536      2.1494      2.3515      2.3505      2.3447      
2010-03-05     1.4094      1.4232      1.5391      1.6948      1.6546      1.8095      1.6891      1.6364      1.7875      1.8373      1.8477      1.8837      1.9457      1.9426      1.9306      2.0160      2.0170      2.0061      2.1567      2.1543      2.1501      2.3520      2.3508      2.3457      
2010-03-08     1.3992      1.4179      1.5402      1.6924      1.6710      1.8030      1.7066      1.6597      1.7848      1.8368      1.8451      1.8833      1.9456      1.9433      1.9324      2.0166      2.0163      2.0076      2.1572      2.1549      2.1508      2.3522      2.3511      2.3466      
2010-03-09     1.3876      1.4113      1.5407      1.6817      1.6774      1.7973      1.7221      1.6798      1.7817      1.8373      1.8432      1.8827      1.9453      1.9443      1.9343      2.0178      2.0166      2.0094      2.1574      2.1555      2.1514      2.3522      2.3514      2.3475      
2010-03-10     1.3780      1.4035      1.5407      1.6751      1.6830      1.7961      1.7308      1.6985      1.7790      1.8372      1.8410      1.8816      1.9450      1.9447      1.9363      2.0183      2.0169      2.0111      2.1576      2.1561      2.1522      2.3522      2.3516      2.3484      
2010-03-11     1.3689      1.3939      1.5407      1.6763      1.6832      1.7895      1.7219      1.6988      1.7734      1.8360      1.8386      1.8804      1.9440      1.9447      1.9381      2.0186      2.0172      2.0127      2.1576      2.1567      2.1530      2.3521      2.3518      2.3492      
2010-03-12     1.3610      1.3852      1.5377      1.6709      1.6828      1.7779      1.7095      1.6993      1.7621      1.8325      1.8349      1.8773      1.9431      1.9444      1.9395      2.0187      2.0174      2.0143      2.1576      2.1572      2.1537      2.3521      2.3521      2.3499      
2010-03-15     1.3528      1.3760      1.5296      1.6731      1.6828      1.7686      1.6937      1.7001      1.7477      1.8245      1.8307      1.8725      1.9426      1.9441      1.9405      2.0186      2.0176      2.0158      2.1576      2.1574      2.1544      2.3521      2.3522      2.3506      
2010-03-16     1.3466      1.3671      1.4715      1.6665      1.6741      1.7141      1.6822      1.7022      1.7024      1.8155      1.8264      1.8589      1.9417      1.9435      1.9410      2.0184      2.0181      2.0167      2.1577      2.1576      2.1549      2.3521      2.3522      2.3510      
2010-03-17     1.3403      1.3591      1.4252      1.6537      1.6644      1.6720      1.6690      1.6999      1.6774      1.8063      1.8218      1.8478      1.9411      1.9430      1.9417      2.0184      2.0184      2.0175      2.1577      2.1576      2.1553      2.3521      2.3522      2.3513      
2010-03-18     1.3339      1.3514      1.3922      1.6453      1.6608      1.6486      1.6606      1.6913      1.6580      1.7970      1.8165      1.8363      1.9413      1.9427      1.9422      2.0186      2.0186      2.0180      2.1577      2.1577      2.1556      2.3522      2.3522      2.3513      
2010-03-19     1.3298      1.3454      1.3843      1.6381      1.6545      1.6546      1.6517      1.6806      1.6585      1.7891      1.8108      1.8293      1.9414      1.9423      1.9424      2.0188      2.0187      2.0179      2.1577      2.1577      2.1560      2.3523      2.3522      2.3515      
2010-03-22     1.3255      1.3392      1.3785      1.6268      1.6499      1.6604      1.6426      1.6681      1.6639      1.7837      1.8041      1.8246      1.9414      1.9420      1.9426      2.0191      2.0188      2.0176      2.1580      2.1578      2.1563      2.3525      2.3523      2.3517      
2010-03-23     1.3214      1.3340      1.3726      1.6171      1.6418      1.6596      1.6350      1.6586      1.6692      1.7788      1.7972      1.8202      1.9416      1.9416      1.9430      2.0177      2.0181      2.0173      2.1582      2.1580      2.1567      2.3527      2.3524      2.3519      
2010-03-24     1.3185      1.3294      1.3664      1.6021      1.6279      1.6555      1.6332      1.6511      1.6748      1.7743      1.7903      1.8156      1.9418      1.9414      1.9431      2.0165      2.0175      2.0172      2.1584      2.1581      2.1571      2.3529      2.3525      2.3521      
2010-03-25     1.3153      1.3246      1.3592      1.5856      1.6154      1.6493      1.6371      1.6488      1.6738      1.7702      1.7836      1.8111      1.9413      1.9413      1.9430      2.0151      2.0168      2.0170      2.1585      2.1581      2.1574      2.3530      2.3526      2.3522      
2010-03-26     1.3113      1.3206      1.3529      1.5723      1.6052      1.6440      1.6458      1.6488      1.6740      1.7664      1.7777      1.8063      1.9410      1.9412      1.9428      2.0141      2.0164      2.0169      2.1585      2.1581      2.1576      2.3530      2.3526      2.3523      
2010-03-29     1.3086      1.3171      1.3465      1.5636      1.5952      1.6390      1.6566      1.6496      1.6749      1.7620      1.7729      1.8018      1.9414      1.9414      1.9428      2.0136      2.0164      2.0170      2.1584      2.1582      2.1578      2.3530      2.3527      2.3524      
2010-03-30     1.3046      1.3130      1.3400      1.5729      1.5950      1.6346      1.6629      1.6489      1.6755      1.7575      1.7682      1.7973      1.9413      1.9415      1.9425      2.0135      2.0156      2.0169      2.1583      2.1583      2.1579      2.3528      2.3528      2.3525      
2010-03-31     1.3097      1.3141      1.3366      1.5796      1.5909      1.6276      1.6665      1.6498      1.6749      1.7526      1.7634      1.7926      1.9414      1.9416      1.9423      2.0133      2.0149      2.0166      2.1580      2.1582      2.1579      2.3527      2.3528      2.3525      
2010-04-01     1.3089      1.3121      1.3318      1.5823      1.5839      1.6224      1.6584      1.6478      1.6695      1.7475      1.7588      1.7877      1.9411      1.9412      1.9419      2.0132      2.0141      2.0164      2.1577      2.1581      2.1579      2.3527      2.3528      2.3525      
2010-04-02     1.3106      1.3110      1.3282      1.5857      1.5790      1.6168      1.6457      1.6458      1.6632      1.7435      1.7549      1.7829      1.9406      1.9408      1.9415      2.0130      2.0135      2.0161      2.1573      2.1579      2.1578      2.3526      2.3528      2.3525      
2010-04-06     1.3120      1.3103      1.3247      1.5941      1.5789      1.6144      1.6357      1.6462      1.6572      1.7407      1.7513      1.7777      1.9399      1.9407      1.9413      2.0129      2.0132      2.0160      2.1570      2.1577      2.1577      2.3524      2.3527      2.3525      
2010-04-07     1.3125      1.3085      1.3213      1.6008      1.5869      1.6143      1.6323      1.6476      1.6531      1.7403      1.7489      1.7730      1.9399      1.9406      1.9411      2.0146      2.0140      2.0161      2.1570      2.1576      2.1578      2.3530      2.3529      2.3527      
2010-04-08     1.3032      1.3065      1.3179      1.6168      1.5982      1.6131      1.6306      1.6485      1.6498      1.7416      1.7471      1.7687      1.9395      1.9405      1.9409      2.0173      2.0153      2.0164      2.1574      2.1577      2.1579      2.3542      2.3535      2.3530      
2010-04-09     1.3006      1.3048      1.3147      1.6370      1.6097      1.6125      1.6350      1.6467      1.6478      1.7436      1.7456      1.7646      1.9394      1.9403      1.9408      2.0210      2.0171      2.0170      2.1582      2.1580      2.1580      2.3556      2.3541      2.3534      
2010-04-12     1.2949      1.3028      1.3117      1.6510      1.6184      1.6118      1.6410      1.6434      1.6461      1.7450      1.7442      1.7610      1.9397      1.9401      1.9407      2.0249      2.0190      2.0177      2.1593      2.1583      2.1582      2.3573      2.3550      2.3538      
2010-04-13     1.2897      1.3008      1.3089      1.6666      1.6303      1.6128      1.6542      1.6450      1.6473      1.7465      1.7436      1.7582      1.9397      1.9398      1.9406      2.0286      2.0208      2.0186      2.1603      2.1587      2.1584      2.3590      2.3557      2.3542      
2010-04-14     1.2870      1.2998      1.3064      1.6630      1.6319      1.6135      1.6622      1.6472      1.6481      1.7472      1.7437      1.7560      1.9394      1.9396      1.9405      2.0311      2.0229      2.0192      2.1613      2.1591      2.1587      2.3603      2.3567      2.3547      
2010-04-15     1.2848      1.2940      1.3041      1.6615      1.6392      1.6150      1.6682      1.6494      1.6496      1.7473      1.7445      1.7540      1.9394      1.9395      1.9405      2.0331      2.0252      2.0200      2.1621      2.1598      2.1590      2.3611      2.3576      2.3552      
2010-04-16     1.2840      1.2923      1.3022      1.6594      1.6482      1.6161      1.6725      1.6537      1.6508      1.7471      1.7454      1.7521      1.9400      1.9397      1.9405      2.0343      2.0277      2.0209      2.1630      2.1606      2.1593      2.3618      2.3587      2.3558      
2010-04-19     1.2847      1.2898      1.3004      1.6522      1.6516      1.6153      1.6739      1.6575      1.6516      1.7469      1.7460      1.7505      1.9404      1.9400      1.9404      2.0353      2.0301      2.0218      2.1638      2.1616      2.1597      2.3624      2.3598      2.3563      
2010-04-20     1.2859      1.2878      1.2990      1.6457      1.6561      1.6175      1.6690      1.6616      1.6539      1.7468      1.7467      1.7490      1.9407      1.9402      1.9404      2.0358      2.0322      2.0227      2.1646      2.1625      2.1601      2.3625      2.3608      2.3568      
2010-04-21     1.2875      1.2873      1.2979      1.6493      1.6561      1.6215      1.6655      1.6638      1.6557      1.7460      1.7466      1.7478      1.9413      1.9403      1.9405      2.0360      2.0336      2.0238      2.1651      2.1632      2.1604      2.3625      2.3614      2.3572      
2010-04-22     1.2899      1.2873      1.2969      1.6427      1.6521      1.6251      1.6604      1.6643      1.6564      1.7446      1.7460      1.7465      1.9409      1.9401      1.9403      2.0362      2.0346      2.0250      2.1652      2.1637      2.1607      2.3627      2.3619      2.3577      
2010-04-23     1.2902      1.2871      1.2959      1.6442      1.6518      1.6307      1.6576      1.6651      1.6559      1.7439      1.7455      1.7455      1.9402      1.9401      1.9402      2.0365      2.0354      2.0262      2.1655      2.1642      2.1611      2.3631      2.3625      2.3583      
2010-04-26     1.2906      1.2876      1.2952      1.6517      1.6520      1.6352      1.6575      1.6657      1.6545      1.7440      1.7455      1.7449      1.9394      1.9399      1.9400      2.0368      2.0360      2.0275      2.1653      2.1646      2.1614      2.3635      2.3629      2.3589      
2010-04-27     1.2991      1.2925      1.2967      1.6520      1.6488      1.6396      1.6558      1.6624      1.6537      1.7442      1.7455      1.7445      1.9387      1.9397      1.9397      2.0371      2.0364      2.0286      2.1649      2.1648      2.1617      2.3642      2.3634      2.3596      
2010-04-28     1.3092      1.2984      1.2991      1.6432      1.6463      1.6391      1.6519      1.6587      1.6530      1.7448      1.7454      1.7446      1.9375      1.9394      1.9395      2.0376      2.0368      2.0298      2.1646      2.1649      2.1620      2.3650      2.3638      2.3602      
2010-04-29     1.3211      1.3055      1.2998      1.6358      1.6393      1.6392      1.6484      1.6544      1.6519      1.7462      1.7454      1.7449      1.9378      1.9393      1.9394      2.0383      2.0373      2.0312      2.1644      2.1648      2.1623      2.3656      2.3642      2.3609      
2010-04-30     1.3428      1.3165      1.3044      1.6231      1.6337      1.6409      1.6462      1.6519      1.6528      1.7489      1.7464      1.7459      1.9381      1.9391      1.9394      2.0388      2.0376      2.0326      2.1639      2.1647      2.1626      2.3659      2.3645      2.3616      
2010-05-04     1.3645      1.3276      1.3087      1.6140      1.6328      1.6422      1.6528      1.6552      1.6563      1.7517      1.7479      1.7469      1.9388      1.9391      1.9396      2.0392      2.0380      2.0341      2.1635      2.1644      2.1630      2.3661      2.3648      2.3623      
2010-05-05     1.3800      1.3395      1.3137      1.6160      1.6340      1.6451      1.6576      1.6567      1.6592      1.7558      1.7500      1.7483      1.9400      1.9393      1.9398      2.0400      2.0386      2.0354      2.1634      2.1642      2.1633      2.3666      2.3654      2.3631      
2010-05-06     1.3932      1.3512      1.3192      1.6285      1.6359      1.6460      1.6657      1.6588      1.6613      1.7604      1.7526      1.7496      1.9420      1.9398      1.9400      2.0410      2.0393      2.0364      2.1633      2.1640      2.1636      2.3671      2.3661      2.3637      
2010-05-07     1.4044      1.3628      1.3251      1.6487      1.6422      1.6472      1.6771      1.6627      1.6635      1.7666      1.7564      1.7512      1.9437      1.9408      1.9404      2.0417      2.0400      2.0373      2.1633      2.1639      2.1638      2.3674      2.3665      2.3642      
2010-05-10     1.4260      1.3844      1.3358      1.6671      1.6451      1.6485      1.6885      1.6674      1.6662      1.7717      1.7603      1.7529      1.9455      1.9418      1.9409      2.0426      2.0407      2.0380      2.1634      2.1637      2.1639      2.3678      2.3668      2.3646      
2010-05-11     1.4473      1.4059      1.3468      1.6876      1.6508      1.6514      1.6929      1.6729      1.6693      1.7771      1.7644      1.7549      1.9469      1.9428      1.9414      2.0436      2.0414      2.0387      2.1636      2.1636      2.1641      2.3685      2.3673      2.3651      
2010-05-12     1.4656      1.4228      1.3576      1.7014      1.6587      1.6538      1.7006      1.6791      1.6707      1.7821      1.7689      1.7572      1.9474      1.9437      1.9417      2.0442      2.0421      2.0393      2.1639      2.1636      2.1642      2.3685      2.3676      2.3655      
2010-05-13     1.4835      1.4384      1.3684      1.7106      1.6695      1.6579      1.7069      1.6863      1.6725      1.7867      1.7736      1.7595      1.9473      1.9446      1.9420      2.0446      2.0428      2.0398      2.1642      2.1638      2.1643      2.3686      2.3679      2.3658      
2010-05-14     1.5017      1.4531      1.3793      1.7193      1.6840      1.6616      1.7150      1.6960      1.6752      1.7902      1.7784      1.7619      1.9470      1.9453      1.9423      2.0448      2.0433      2.0403      2.1651      2.1642      2.1645      2.3689      2.3682      2.3662      
2010-05-17     1.5093      1.4677      1.3921      1.7262      1.6967      1.6652      1.7215      1.7050      1.6785      1.7935      1.7826      1.7645      1.9467      1.9461      1.9426      2.0450      2.0438      2.0407      2.1657      2.1645      2.1646      2.3692      2.3685      2.3665      
2010-05-18     1.5172      1.4823      1.4049      1.7332      1.7104      1.6716      1.7269      1.7099      1.6825      1.7957      1.7864      1.7671      1.9474      1.9472      1.9431      2.0450      2.0443      2.0411      2.1661      2.1649      2.1647      2.3687      2.3686      2.3667      
2010-05-19     1.5262      1.4959      1.4177      1.7434      1.7224      1.6782      1.7328      1.7167      1.6867      1.7977      1.7899      1.7699      1.9482      1.9478      1.9436      2.0449      2.0446      2.0416      2.1666      2.1652      2.1647      2.3690      2.3688      2.3671      
2010-05-20     1.5365      1.5100      1.4306      1.7565      1.7335      1.6847      1.7449      1.7259      1.6924      1.8012      1.7940      1.7733      1.9490      1.9482      1.9440      2.0449      2.0447      2.0420      2.1669      2.1656      2.1648      2.3693      2.3689      2.3675      
2010-05-21     1.5683      1.5350      1.4489      1.7682      1.7438      1.6930      1.7636      1.7393      1.7010      1.8164      1.8033      1.7798      1.9506      1.9488      1.9448      2.0450      2.0449      2.0425      2.1667      2.1659      2.1649      2.3689      2.3689      2.3677      
2010-05-24     1.6081      1.5587      1.4716      1.7943      1.7603      1.7027      1.7902      1.7558      1.7116      1.8453      1.8194      1.7899      1.9542      1.9505      1.9461      2.0464      2.0457      2.0432      2.1686      2.1671      2.1654      2.3700      2.3696      2.3682      
2010-05-25     1.6704      1.5938      1.4999      1.8318      1.7825      1.7167      1.8515      1.7892      1.7310      1.8951      1.8454      1.8049      1.9624      1.9549      1.9489      2.0495      2.0472      2.0443      2.1721      2.1691      2.1663      2.3726      2.3707      2.3690      
2010-05-26     1.7931      1.6597      1.5412      1.9126      1.8280      1.7434      1.9340      1.8334      1.7562      1.9731      1.8854      1.8272      1.9802      1.9642      1.9540      2.0622      2.0536      2.0478      2.1823      2.1744      2.1690      2.3779      2.3734      2.3705      
2010-05-27     1.9471      1.7418      1.5901      2.0373      1.8969      1.7832      2.0427      1.8938      1.7901      2.0732      1.9372      1.8554      2.0038      1.9764      1.9605      2.0801      2.0625      2.0526      2.1953      2.1811      2.1724      2.3842      2.3767      2.3723      
2010-05-28     2.0573      1.8128      1.6330      2.1541      1.9612      1.8226      2.1777      1.9707      1.8333      2.1748      1.9956      1.8870      2.0314      1.9910      1.9682      2.1016      2.0733      2.0583      2.2114      2.1891      2.1766      2.3934      2.3812      2.3747      
2010-05-31     2.1833      1.8957      1.6817      2.2818      2.0380      1.8674      2.3415      2.0658      1.8854      2.2855      2.0654      1.9240      2.0623      2.0083      1.9772      2.1265      2.0864      2.0651      2.2294      2.1990      2.1818      2.4032      2.3866      2.3775      
2010-06-01     2.3605      2.0154      1.7489      2.5366      2.1842      1.9473      2.5421      2.1968      1.9534      2.4628      2.1790      1.9827      2.1015      2.0320      1.9896      2.1570      2.1033      2.0738      2.2522      2.2121      2.1885      2.4169      2.3948      2.3817      
2010-06-02     2.4817      2.1374      1.8167      2.7581      2.3353      2.0289      2.7285      2.3312      2.0240      2.6351      2.3041      2.0470      2.1386      2.0594      2.0036      2.1844      2.1233      2.0839      2.2716      2.2269      2.1961      2.4292      2.4035      2.3861      
2010-06-03     2.5680      2.2576      1.8838      2.9137      2.4755      2.1045      2.8907      2.4667      2.0963      2.7855      2.4293      2.1116      2.1767      2.0902      2.0192      2.2116      2.1459      2.0953      2.2917      2.2435      2.2045      2.4423      2.4132      2.3911      
2010-06-04     2.5465      2.3019      1.9185      2.8772      2.5157      2.1297      2.8843      2.5310      2.1352      2.9035      2.5391      2.1712      2.2089      2.1202      2.0345      2.2367      2.1691      2.1070      2.3102      2.2608      2.2134      2.4543      2.4239      2.3964      
2010-06-07     2.4128      2.2981      1.9284      2.7593      2.5205      2.1404      2.7920      2.5668      2.1613      2.9915      2.6385      2.2289      2.2353      2.1488      2.0496      2.2577      2.1921      2.1189      2.3255      2.2774      2.2223      2.4649      2.4340      2.4018      
2010-06-08     2.2329      2.2967      1.9453      2.5584      2.5475      2.1650      2.6429      2.5925      2.1908      2.9980      2.7304      2.2879      2.2510      2.1763      2.0656      2.2739      2.2155      2.1313      2.3372      2.2947      2.2319      2.4714      2.4442      2.4074      
2010-06-09     2.0489      2.2653      1.9625      2.3450      2.5516      2.1898      2.4905      2.6095      2.2214      2.9817      2.8084      2.3469      2.2622      2.2004      2.0823      2.2844      2.2344      2.1440      2.3466      2.3091      2.2418      2.4775      2.4533      2.4134      
2010-06-10     1.8856      2.2268      1.9843      2.2006      2.5571      2.2270      2.4110      2.6509      2.2723      2.9712      2.8783      2.4078      2.2704      2.2236      2.1000      2.2913      2.2514      2.1570      2.3540      2.3229      2.2520      2.4827      2.4625      2.4196      
2010-06-11     1.8609      2.2037      2.0083      2.3054      2.5913      2.2762      2.4815      2.6829      2.3268      2.9940      2.9487      2.4721      2.2823      2.2456      2.1183      2.2988      2.2678      2.1705      2.3612      2.3357      2.2624      2.4878      2.4711      2.4261      
2010-06-12     1.9612      2.1870      2.0414      2.4773      2.6183      2.3282      2.6210      2.7065      2.3862      3.0392      3.0153      2.5404      2.2984      2.2669      2.1376      2.3068      2.2822      2.1843      2.3693      2.3474      2.2732      2.4929      2.4789      2.4327      
2010-06-13     2.0307      2.1318      2.0736      2.5752      2.5668      2.3755      2.7393      2.6911      2.4439      3.0825      3.0403      2.6096      2.3164      2.2837      2.1578      2.3146      2.2942      2.1987      2.3773      2.3572      2.2847      2.5002      2.4858      2.4403      
2010-06-17     2.0977      2.0733      2.1054      2.6562      2.5006      2.4180      2.8186      2.6546      2.4929      3.1328      3.0573      2.6807      2.3347      2.2985      2.1789      2.3241      2.3043      2.2138      2.3860      2.3663      2.2966      2.5068      2.4921      2.4478      
2010-06-18     2.1535      2.0196      2.1386      2.6993      2.4500      2.4627      2.8213      2.6162      2.5414      3.2020      3.0866      2.7580      2.3576      2.3140      2.2021      2.3350      2.3132      2.2295      2.3952      2.3746      2.3091      2.5134      2.4981      2.4556      
2010-06-21     2.2036      2.0323      2.1671      2.6823      2.4939      2.5048      2.8546      2.6681      2.5996      3.2962      3.1451      2.8421      2.3874      2.3349      2.2275      2.3470      2.3229      2.2460      2.4056      2.3834      2.3221      2.5200      2.5039      2.4639      
2010-06-22     2.2118      2.0865      2.1923      2.6928      2.5851      2.5528      2.8585      2.7397      2.6532      3.4156      3.2274      2.9330      2.4252      2.3618      2.2553      2.3634      2.3351      2.2636      2.4179      2.3936      2.3355      2.5282      2.5106      2.4723      
2010-06-23     2.2221      2.1264      2.2116      2.6973      2.6363      2.5919      2.8647      2.8020      2.6972      3.5548      3.3186      3.0245      2.4662      2.3913      2.2838      2.3807      2.3476      2.2815      2.4293      2.4033      2.3490      2.5344      2.5173      2.4808      
2010-06-24     2.2474      2.1726      2.2189      2.7480      2.7021      2.6268      2.9578      2.8882      2.7489      3.7089      3.4209      3.1146      2.5126      2.4236      2.3120      2.3981      2.3611      2.2978      2.4418      2.4139      2.3615      2.5419      2.5243      2.4888      
2010-06-25     2.2633      2.2084      2.2176      2.8395      2.7694      2.6633      3.0470      2.9342      2.7925      3.8481      3.5251      3.2017      2.5550      2.4563      2.3399      2.4152      2.3751      2.3133      2.4554      2.4253      2.3741      2.5502      2.5318      2.4972      
2010-06-28     2.2751      2.2393      2.2215      2.8740      2.7781      2.6847      3.1057      2.9802      2.8315      3.9188      3.6075      3.2781      2.5883      2.4879      2.3667      2.4326      2.3898      2.3288      2.4720      2.4388      2.3873      2.5636      2.5418      2.5064      
2010-06-29     2.2815      2.2467      2.2168      2.8829      2.7878      2.7031      3.1772      3.0179      2.8622      3.9448      3.6802      3.3478      2.6116      2.5184      2.3926      2.4474      2.4054      2.3438      2.4883      2.4531      2.4002      2.5773      2.5528      2.5159      
2010-06-30     2.2870      2.2546      2.1932      2.8650      2.7812      2.6740      3.2612      3.0629      2.8770      3.9455      3.7501      3.3952      2.6254      2.5458      2.4148      2.4611      2.4209      2.3576      2.5047      2.4670      2.4121      2.5911      2.5627      2.5243      
2010-07-01     2.2755      2.2615      2.1674      2.8217      2.7848      2.6427      3.2460      3.1019      2.8783      3.8485      3.7787      3.4180      2.6299      2.5712      2.4349      2.4721      2.4351      2.3697      2.5177      2.4798      2.4230      2.6023      2.5721      2.5321      
2010-07-02     2.2557      2.2595      2.1395      2.7141      2.7768      2.6134      3.1917      3.1194      2.8678      3.7077      3.7779      3.4322      2.6289      2.5920      2.4530      2.4806      2.4479      2.3805      2.5276      2.4915      2.4331      2.6105      2.5803      2.5392      
2010-07-05     2.2310      2.2531      2.1427      2.6671      2.7705      2.6322      3.0852      3.0954      2.8818      3.5568      3.7378      3.4414      2.6257      2.6070      2.4709      2.4848      2.4587      2.3908      2.5322      2.5021      2.4428      2.6117      2.5877      2.5458      
2010-07-06     2.2067      2.2441      2.1653      2.6284      2.7556      2.6703      2.9657      3.0715      2.9056      3.3749      3.6599      3.4437      2.6211      2.6164      2.4891      2.4870      2.4672      2.4011      2.5347      2.5115      2.4525      2.6109      2.5941      2.5523      
2010-07-07     2.1788      2.2329      2.1797      2.5942      2.7296      2.6830      2.8345      3.0479      2.9249      3.1623      3.5539      3.4363      2.6163      2.6208      2.5061      2.4862      2.4736      2.4106      2.5346      2.5196      2.4615      2.6079      2.5995      2.5584      
2010-07-08     2.1258      2.2007      2.1866      2.5480      2.6849      2.6935      2.7401      2.9931      2.9407      3.0035      3.4260      3.4234      2.6106      2.6203      2.5220      2.4846      2.4784      2.4197      2.5343      2.5260      2.4700      2.6053      2.6038      2.5641      
2010-07-09     2.0311      2.1434      2.1759      2.4848      2.5995      2.6844      2.6584      2.9250      2.9296      2.8581      3.2829      3.4040      2.6053      2.6171      2.5367      2.4882      2.4844      2.4298      2.5364      2.5320      2.4787      2.6064      2.6084      2.5701      
2010-07-12     1.9364      2.0837      2.1615      2.3814      2.5242      2.6512      2.5782      2.8317      2.9059      2.7464      3.1516      3.3796      2.6024      2.6140      2.5510      2.4926      2.4887      2.4392      2.5390      2.5356      2.4872      2.6089      2.6103      2.5760      
2010-07-13     1.8347      2.0207      2.1337      2.2439      2.4361      2.6120      2.4575      2.7116      2.8647      2.6562      3.0156      3.3479      2.5984      2.6098      2.5641      2.4962      2.4916      2.4485      2.5411      2.5379      2.4955      2.6111      2.6110      2.5819      
2010-07-14     1.7126      1.9457      2.1001      2.1135      2.3539      2.5675      2.2984      2.5665      2.8147      2.5847      2.8735      3.3118      2.5952      2.6057      2.5758      2.5004      2.4933      2.4571      2.5434      2.5390      2.5030      2.6142      2.6110      2.5869      
2010-07-15     1.6079      1.8669      2.0642      2.0013      2.2747      2.5298      2.1460      2.4430      2.7725      2.5204      2.7619      3.2703      2.5926      2.6016      2.5864      2.5061      2.4954      2.4652      2.5464      2.5404      2.5101      2.6172      2.6113      2.5917      
2010-07-16     1.5524      1.7918      2.0256      1.9149      2.1999      2.4883      2.0233      2.3408      2.7301      2.4711      2.6646      3.2213      2.5900      2.5977      2.5948      2.5074      2.4978      2.4729      2.5471      2.5418      2.5167      2.6176      2.6120      2.5962      
2010-07-19     1.5030      1.7197      1.9864      1.8716      2.1265      2.4485      1.9371      2.2577      2.6766      2.4353      2.5909      3.1643      2.5846      2.5935      2.6003      2.5091      2.5009      2.4798      2.5473      2.5432      2.5226      2.6168      2.6128      2.6002      
2010-07-20     1.4686      1.6517      1.9479      1.8376      2.0407      2.3982      1.9006      2.1791      2.6253      2.4095      2.5329      3.0964      2.5794      2.5889      2.6026      2.5109      2.5036      2.4854      2.5472      2.5442      2.5278      2.6157      2.6134      2.6037      
2010-07-21     1.4595      1.5860      1.9095      1.8474      1.9805      2.3551      1.9003      2.0994      2.5736      2.3842      2.4844      3.0192      2.5709      2.5831      2.6019      2.5131      2.5068      2.4902      2.5475      2.5455      2.5325      2.6148      2.6145      2.6070      
2010-07-22     1.4570      1.5325      1.8666      1.8183      1.9098      2.2973      1.9001      2.0230      2.5081      2.3656      2.4430      2.9345      2.5599      2.5763      2.5983      2.5161      2.5111      2.4947      2.5478      2.5471      2.5366      2.6144      2.6158      2.6098      
2010-07-23     1.4538      1.5031      1.8233      1.8025      1.8587      2.2291      1.8928      1.9581      2.4415      2.3421      2.4066      2.8448      2.5469      2.5685      2.5928      2.5185      2.5130      2.4987      2.5482      2.5477      2.5398      2.6143      2.6160      2.6122      
2010-07-26     1.4586      1.4808      1.7823      1.7785      1.8250      2.1746      1.8815      1.9093      2.3705      2.3088      2.3721      2.7618      2.5335      2.5591      2.5866      2.5210      2.5151      2.5019      2.5483      2.5478      2.5417      2.6145      2.6156      2.6130      
2010-07-27     1.4514      1.4600      1.7404      1.7616      1.7996      2.1179      1.8631      1.8819      2.2967      2.2742      2.3418      2.6787      2.5151      2.5472      2.5785      2.5214      2.5161      2.5039      2.5481      2.5477      2.5428      2.6147      2.6152      2.6131      
2010-07-28     1.4455      1.4525      1.6991      1.7294      1.7884      2.0711      1.8494      1.8748      2.2206      2.2451      2.3147      2.5941      2.4983      2.5346      2.5702      2.5205      2.5168      2.5051      2.5471      2.5473      2.5431      2.6145      2.6147      2.6129      
2010-07-29     1.4447      1.4509      1.6589      1.7237      1.7710      2.0229      1.8408      1.8705      2.1568      2.2200      2.2928      2.5274      2.4846      2.5222      2.5619      2.5176      2.5169      2.5061      2.5457      2.5467      2.5435      2.6143      2.6143      2.6128      
2010-07-30     1.4532      1.4535      1.6226      1.7041      1.7533      1.9766      1.8294      1.8611      2.1010      2.2000      2.2711      2.4678      2.4708      2.5089      2.5533      2.5141      2.5163      2.5071      2.5451      2.5467      2.5442      2.6138      2.6140      2.6130      
2010-08-02     1.4535      1.4560      1.5879      1.6866      1.7325      1.9295      1.8219      1.8517      2.0547      2.1806      2.2447      2.4178      2.4593      2.4964      2.5450      2.5098      2.5154      2.5081      2.5443      2.5463      2.5448      2.6134      2.6139      2.6134      
2010-08-03     1.4589      1.4552      1.5534      1.6755      1.7185      1.8796      1.8067      1.8349      2.0070      2.1610      2.2176      2.3752      2.4529      2.4840      2.5365      2.5071      2.5142      2.5089      2.5437      2.5459      2.5450      2.6129      2.6138      2.6136      
2010-08-04     1.4648      1.4552      1.5206      1.6646      1.6970      1.8387      1.7817      1.8155      1.9574      2.1463      2.1957      2.3401      2.4486      2.4735      2.5283      2.5056      2.5131      2.5099      2.5439      2.5455      2.5455      2.6126      2.6136      2.6140      
2010-08-05     1.4704      1.4576      1.4950      1.6645      1.6941      1.8020      1.7594      1.8001      1.9116      2.1331      2.1765      2.3098      2.4459      2.4652      2.5207      2.5053      2.5115      2.5113      2.5446      2.5451      2.5461      2.6125      2.6134      2.6146      
2010-08-06     1.4703      1.4618      1.4824      1.6680      1.6861      1.7724      1.7415      1.7855      1.8718      2.1242      2.1621      2.2844      2.4469      2.4588      2.5137      2.5060      2.5101      2.5115      2.5446      2.5449      2.5463      2.6125      2.6132      2.6146      
2010-08-09     1.4696      1.4615      1.4712      1.6779      1.6822      1.7536      1.7193      1.7706      1.8400      2.1158      2.1482      2.2601      2.4487      2.4540      2.5065      2.5074      2.5086      2.5118      2.5460      2.5452      2.5465      2.6127      2.6131      2.6143      
2010-08-10     1.4692      1.4641      1.4621      1.6884      1.6819      1.7408      1.7159      1.7613      1.8216      2.1132      2.1371      2.2395      2.4523      2.4526      2.4999      2.5096      2.5084      2.5122      2.5480      2.5459      2.5468      2.6130      2.6130      2.6141      
2010-08-11     1.4684      1.4666      1.4596      1.7036      1.6841      1.7363      1.7250      1.7533      1.8141      2.1178      2.1320      2.2234      2.4571      2.4529      2.4938      2.5126      2.5091      2.5130      2.5510      2.5475      2.5474      2.6138      2.6132      2.6139      
2010-08-12     1.4685      1.4695      1.4602      1.7114      1.6879      1.7295      1.7294      1.7444      1.8074      2.1218      2.1275      2.2101      2.4606      2.4532      2.4877      2.5145      2.5099      2.5134      2.5535      2.5491      2.5479      2.6147      2.6136      2.6140      
2010-08-13     1.4692      1.4698      1.4616      1.7183      1.6932      1.7232      1.7347      1.7381      1.7996      2.1264      2.1253      2.1982      2.4631      2.4550      2.4819      2.5156      2.5108      2.5136      2.5555      2.5501      2.5484      2.6155      2.6140      2.6140      
2010-08-16     1.4704      1.4700      1.4630      1.7339      1.7059      1.7192      1.7485      1.7339      1.7928      2.1318      2.1238      2.1843      2.4652      2.4569      2.4767      2.5167      2.5121      2.5137      2.5571      2.5515      2.5489      2.6166      2.6146      2.6143      
2010-08-17     1.4716      1.4704      1.4628      1.7451      1.7167      1.7176      1.7608      1.7384      1.7866      2.1378      2.1255      2.1715      2.4664      2.4593      2.4717      2.5176      2.5136      2.5139      2.5582      2.5531      2.5495      2.6179      2.6155      2.6146      
2010-08-18     1.4768      1.4726      1.4639      1.7582      1.7309      1.7140      1.7719      1.7485      1.7820      2.1393      2.1286      2.1621      2.4664      2.4618      2.4676      2.5181      2.5154      2.5142      2.5584      2.5547      2.5501      2.6188      2.6163      2.6149      
2010-08-19     1.4863      1.4774      1.4675      1.7613      1.7364      1.7152      1.7837      1.7565      1.7783      2.1437      2.1327      2.1546      2.4669      2.4638      2.4645      2.5196      2.5171      2.5143      2.5588      2.5562      2.5507      2.6200      2.6173      2.6154      
2010-08-20     1.4993      1.4843      1.4730      1.7633      1.7408      1.7134      1.7953      1.7650      1.7752      2.1455      2.1360      2.1490      2.4673      2.4652      2.4620      2.5211      2.5184      2.5142      2.5592      2.5574      2.5511      2.6213      2.6184      2.6158      
2010-08-23     1.5043      1.4873      1.4744      1.7551      1.7445      1.7134      1.7991      1.7738      1.7722      2.1457      2.1387      2.1435      2.4671      2.4662      2.4601      2.5219      2.5193      2.5140      2.5595      2.5583      2.5517      2.6222      2.6194      2.6162      
2010-08-24     1.5133      1.4925      1.4783      1.7476      1.7463      1.7141      1.8072      1.7840      1.7726      2.1444      2.1411      2.1391      2.4671      2.4668      2.4597      2.5226      2.5201      2.5142      2.5599      2.5591      2.5525      2.6230      2.6204      2.6167      
2010-08-25     1.5228      1.4998      1.4832      1.7463      1.7523      1.7182      1.8192      1.7956      1.7744      2.1434      2.1414      2.1367      2.4675      2.4669      2.4599      2.5230      2.5206      2.5148      2.5603      2.5594      2.5534      2.6237      2.6212      2.6172      
2010-08-26     1.5450      1.5156      1.4926      1.7644      1.7628      1.7254      1.8574      1.8205      1.7825      2.1454      2.1445      2.1360      2.4685      2.4677      2.4605      2.5236      2.5216      2.5157      2.5613      2.5601      2.5546      2.6247      2.6223      2.6180      
2010-08-27     1.6287      1.5640      1.5169      1.8582      1.8108      1.7520      1.9573      1.8763      1.8072      2.1890      2.1673      2.1463      2.4729      2.4701      2.4626      2.5261      2.5236      2.5172      2.5634      2.5613      2.5557      2.6267      2.6240      2.6190      
2010-08-30     1.7400      1.6221      1.5461      1.9695      1.8623      1.7841      2.1220      1.9605      1.8472      2.2795      2.2126      2.1682      2.4806      2.4739      2.4654      2.5302      2.5260      2.5190      2.5668      2.5631      2.5573      2.6302      2.6262      2.6204      
2010-08-31     1.9006      1.7070      1.5887      2.2093      1.9784      1.8476      2.3682      2.0877      1.9130      2.4202      2.2823      2.2039      2.4892      2.4782      2.4688      2.5349      2.5288      2.5212      2.5706      2.5653      2.5592      2.6344      2.6287      2.6221      
2010-09-01     2.0993      1.8110      1.6418      2.4532      2.0997      1.9153      2.6030      2.2111      1.9798      2.5720      2.3577      2.2431      2.4985      2.4830      2.4724      2.5396      2.5313      2.5233      2.5752      2.5678      2.5612      2.6388      2.6312      2.6238      
2010-09-02     2.1690      1.8570      1.6672      2.5835      2.1739      1.9551      2.7193      2.2884      2.0224      2.7002      2.4228      2.2778      2.5066      2.4875      2.4756      2.5432      2.5334      2.5252      2.5784      2.5699      2.5630      2.6421      2.6334      2.6254      
2010-09-03     2.1736      1.9012      1.6927      2.6081      2.2332      1.9870      2.7615      2.3594      2.0622      2.7775      2.4833      2.3096      2.5115      2.4922      2.4787      2.5452      2.5357      2.5270      2.5804      2.5719      2.5646      2.6439      2.6353      2.6268      
2010-09-06     2.1575      1.9488      1.7181      2.6002      2.2849      2.0147      2.7246      2.4233      2.0986      2.7838      2.5317      2.3352      2.5166      2.4986      2.4824      2.5459      2.5380      2.5287      2.5811      2.5739      2.5661      2.6444      2.6373      2.6283      
2010-09-07     2.0615      1.9811      1.7368      2.4616      2.3354      2.0409      2.6016      2.4849      2.1345      2.7345      2.5774      2.3593      2.5205      2.5049      2.4858      2.5459      2.5404      2.5303      2.5811      2.5759      2.5675      2.6443      2.6394      2.6299      
2010-09-08     1.8956      1.9974      1.7486      2.3112      2.3822      2.0672      2.4561      2.5296      2.1626      2.6700      2.6210      2.3812      2.5247      2.5116      2.4893      2.5460      2.5428      2.5317      2.5805      2.5778      2.5686      2.6442      2.6415      2.6314      
2010-09-09     1.8272      1.9981      1.7569      2.2717      2.4276      2.0952      2.4017      2.5605      2.1905      2.6222      2.6612      2.4029      2.5297      2.5182      2.4929      2.5465      2.5449      2.5332      2.5806      2.5795      2.5698      2.6443      2.6432      2.6328      
2010-09-10     1.7430      1.9583      1.7611      2.2599      2.4340      2.1224      2.3593      2.5604      2.2184      2.5970      2.6873      2.4273      2.5346      2.5231      2.4966      2.5476      2.5464      2.5350      2.5811      2.5808      2.5710      2.6451      2.6445      2.6342      
2010-09-13     1.6477      1.9026      1.7624      2.2909      2.4456      2.1539      2.3910      2.5578      2.2592      2.6404      2.7121      2.4624      2.5373      2.5269      2.5004      2.5496      2.5478      2.5369      2.5832      2.5821      2.5726      2.6462      2.6453      2.6358      
2010-09-14     1.5994      1.8305      1.7687      2.3170      2.3893      2.1839      2.4233      2.5125      2.3001      2.7397      2.7371      2.5097      2.5411      2.5308      2.5045      2.5519      2.5489      2.5389      2.5854      2.5832      2.5743      2.6476      2.6459      2.6373      
2010-09-15     1.5923      1.7439      1.7775      2.3176      2.3144      2.2071      2.4991      2.4776      2.3443      2.8771      2.7736      2.5656      2.5461      2.5354      2.5092      2.5552      2.5506      2.5410      2.5880      2.5843      2.5760      2.6493      2.6467      2.6390      
2010-09-16     1.5964      1.7118      1.7844      2.3658      2.3188      2.2464      2.5427      2.4722      2.3803      3.0277      2.8250      2.6239      2.5517      2.5407      2.5141      2.5594      2.5530      2.5432      2.5912      2.5859      2.5779      2.6514      2.6479      2.6406      
2010-09-17     1.5888      1.6659      1.7835      2.3172      2.2885      2.2609      2.6233      2.4913      2.4253      3.1755      2.8863      2.6848      2.5574      2.5460      2.5191      2.5635      2.5556      2.5456      2.5945      2.5878      2.5799      2.6537      2.6494      2.6424      
2010-09-19     1.5801      1.6139      1.7813      2.2360      2.2635      2.2742      2.6623      2.5266      2.4750      3.2618      2.9511      2.7414      2.5620      2.5496      2.5241      2.5669      2.5583      2.5481      2.5967      2.5899      2.5819      2.6557      2.6509      2.6441      
2010-09-20     1.5893      1.5944      1.7877      2.2074      2.2622      2.2988      2.7089      2.5661      2.5255      3.2900      3.0148      2.7961      2.5655      2.5533      2.5291      2.5703      2.5611      2.5508      2.5991      2.5922      2.5840      2.6572      2.6524      2.6459      
2010-09-21     1.6167      1.6045      1.8010      2.2228      2.2702      2.3262      2.7687      2.6339      2.5817      3.3246      3.1008      2.8609      2.5680      2.5571      2.5343      2.5732      2.5642      2.5535      2.6012      2.5946      2.5862      2.6587      2.6540      2.6477      
2010-09-25     1.6644      1.6304      1.8142      2.1675      2.2667      2.3471      2.8669      2.7048      2.6326      3.3533      3.1905      2.9259      2.5698      2.5607      2.5395      2.5762      2.5678      2.5563      2.6035      2.5973      2.5884      2.6606      2.6560      2.6496      
2010-09-26     1.7150      1.6519      1.8051      2.3398      2.3285      2.3813      2.9765      2.7999      2.6801      3.3910      3.2832      2.9853      2.5735      2.5655      2.5443      2.5795      2.5715      2.5590      2.6061      2.6003      2.5905      2.6630      2.6584      2.6514      
2010-09-27     1.7669      1.6735      1.7881      2.4293      2.3327      2.3891      3.0087      2.8355      2.6966      3.4620      3.3619      3.0370      2.5801      2.5710      2.5490      2.5837      2.5753      2.5615      2.6095      2.6031      2.5926      2.6654      2.6605      2.6529      
2010-09-28     1.7942      1.6918      1.7611      2.4907      2.3491      2.3692      3.0304      2.8697      2.6911      3.5608      3.4254      3.0813      2.5872      2.5764      2.5536      2.5888      2.5795      2.5642      2.6132      2.6061      2.5947      2.6682      2.6627      2.6543      
2010-09-29     1.7822      1.6995      1.7217      2.5660      2.3944      2.3544      3.1056      2.9371      2.7074      3.6248      3.4747      3.1241      2.5944      2.5812      2.5583      2.5938      2.5835      2.5671      2.6172      2.6092      2.5967      2.6711      2.6649      2.6558      
2010-09-30     1.9223      1.7933      1.7525      2.6840      2.4257      2.3723      3.1355      3.0012      2.7367      3.6343      3.4938      3.1594      2.6017      2.5858      2.5632      2.5989      2.5875      2.5703      2.6222      2.6129      2.5994      2.6739      2.6673      2.6576      
2010-10-08     1.9141      1.8145      1.7402      2.6432      2.4915      2.3900      3.0720      3.0243      2.7578      3.5390      3.4650      3.1756      2.6077      2.5906      2.5683      2.6032      2.5914      2.5735      2.6259      2.6160      2.6019      2.6755      2.6693      2.6593      
2010-10-09     1.9176      1.8422      1.7281      2.5373      2.4833      2.3734      2.8840      2.9464      2.7365      3.3831      3.4226      3.1868      2.6117      2.5959      2.5728      2.6065      2.5951      2.5767      2.6285      2.6190      2.6045      2.6768      2.6711      2.6610      
2010-10-11     1.8950      1.8446      1.7195      2.4185      2.4546      2.3584      2.7018      2.8661      2.7161      3.1901      3.3755      3.1951      2.6151      2.6012      2.5772      2.6089      2.5989      2.5800      2.6312      2.6222      2.6072      2.6778      2.6730      2.6627      
2010-10-12     1.8731      1.8277      1.7161      2.2610      2.4135      2.3419      2.4394      2.7725      2.7032      2.9660      3.2954      3.1981      2.6205      2.6075      2.5823      2.6117      2.6028      2.5835      2.6341      2.6257      2.6102      2.6789      2.6750      2.6645      
2010-10-13     1.6808      1.8015      1.7160      2.0753      2.3797      2.3232      2.2208      2.6781      2.6915      2.7737      3.2040      3.1973      2.6263      2.6140      2.5874      2.6146      2.6068      2.5873      2.6365      2.6293      2.6133      2.6797      2.6768      2.6664      
2010-10-14     1.6580      1.7861      1.7190      1.9245      2.2838      2.3062      2.0498      2.5609      2.6804      2.6504      3.0947      3.1890      2.6319      2.6198      2.5927      2.6183      2.6107      2.5911      2.6403      2.6331      2.6167      2.6809      2.6782      2.6683      
2010-10-15     1.6306      1.7741      1.7238      1.9288      2.2330      2.2828      2.0388      2.4614      2.6485      2.5691      2.9761      3.1690      2.6386      2.6252      2.5981      2.6226      2.6145      2.5949      2.6448      2.6366      2.6199      2.6823      2.6796      2.6701      
2010-10-18     1.6158      1.7554      1.7236      1.9259      2.1722      2.2606      2.0204      2.3611      2.6154      2.5116      2.8509      3.1381      2.6449      2.6300      2.6032      2.6262      2.6176      2.5986      2.6485      2.6399      2.6230      2.6836      2.6807      2.6717      
2010-10-19     1.6069      1.7400      1.7197      1.9277      2.0943      2.2444      2.0017      2.2205      2.5788      2.4909      2.7285      3.1016      2.6483      2.6344      2.6078      2.6295      2.6206      2.6021      2.6522      2.6432      2.6262      2.6845      2.6817      2.6733      
2010-10-20     1.5989      1.6399      1.7166      1.9375      2.0064      2.2161      1.9832      2.1020      2.5516      2.5112      2.6425      3.0681      2.6668      2.6466      2.6162      2.6503      2.6324      2.6100      2.6741      2.6553      2.6341      2.7068      2.6932      2.6802      
2010-10-21     1.5934      1.6257      1.7201      1.9367      1.9306      2.2110      1.9596      2.0047      2.5145      2.5527      2.6015      3.0333      2.6908      2.6614      2.6260      2.6778      2.6481      2.6197      2.7028      2.6716      2.6438      2.7377      2.7093      2.6893      
2010-10-22     1.5930      1.6118      1.7270      1.9370      1.9329      2.2081      1.9678      2.0033      2.4748      2.5974      2.5832      3.0029      2.7186      2.6786      2.6372      2.7095      2.6660      2.6306      2.7359      2.6904      2.6547      2.7737      2.7280      2.6996      
2010-10-25     1.5907      1.6032      1.7239      1.9381      1.9320      2.1933      1.9780      1.9992      2.4326      2.6249      2.5683      2.9719      2.7487      2.6968      2.6490      2.7457      2.6860      2.6424      2.7728      2.7107      2.6664      2.8135      2.7486      2.7108      
2010-10-26     1.5777      1.5923      1.7100      1.9458      1.9368      2.1751      1.9902      1.9959      2.3842      2.6415      2.5662      2.9308      2.7803      2.7143      2.6609      2.7839      2.7067      2.6547      2.8110      2.7316      2.6786      2.8552      2.7698      2.7224      
2010-10-27     1.5632      1.5811      1.6913      1.9602      1.9488      2.1643      2.0065      1.9948      2.3365      2.6408      2.5760      2.8900      2.7970      2.7319      2.6730      2.8057      2.7280      2.6674      2.8326      2.7533      2.6913      2.8776      2.7922      2.7345      
2010-10-28     1.5497      1.5716      1.6788      1.9784      1.9576      2.1207      2.0234      1.9915      2.2762      2.6371      2.5949      2.8448      2.8094      2.7501      2.6850      2.8217      2.7498      2.6802      2.8482      2.7755      2.7043      2.8926      2.8152      2.7467      
2010-10-29     1.5485      1.5708      1.6724      1.9955      1.9663      2.0996      2.0319      1.9999      2.2307      2.6357      2.6165      2.7963      2.8176      2.7681      2.6966      2.8350      2.7723      2.6934      2.8607      2.7983      2.7175      2.9040      2.8388      2.7592      
2010-11-01     1.5486      1.5696      1.6625      2.0053      1.9717      2.0719      2.0384      2.0082      2.1846      2.6444      2.6347      2.7428      2.8238      2.7863      2.7081      2.8446      2.7952      2.7064      2.8705      2.8216      2.7308      2.9123      2.8629      2.7718      
2010-11-02     1.5587      1.5682      1.6541      1.9793      1.9626      2.0285      2.0369      2.0135      2.1170      2.6509      2.6462      2.6873      2.8293      2.8048      2.7196      2.8527      2.8183      2.7195      2.8788      2.8449      2.7440      2.9197      2.8875      2.7846      
2010-11-03     1.5688      1.5660      1.6029      1.9363      1.9483      1.9773      2.0176      2.0121      2.0570      2.6522      2.6465      2.6445      2.8343      2.8156      2.7311      2.8586      2.8322      2.7323      2.8853      2.8589      2.7571      2.9252      2.9014      2.7973      
2010-11-04     1.5759      1.5628      1.5943      1.8954      1.9369      1.9338      1.9988      2.0111      2.0079      2.6527      2.6449      2.6232      2.8379      2.8237      2.7425      2.8630      2.8424      2.7452      2.8902      2.8692      2.7704      2.9293      2.9110      2.8101      
2010-11-05     1.5655      1.5570      1.5844      1.8120      1.9037      1.9183      1.9755      2.0037      2.0035      2.6480      2.6419      2.6125      2.8409      2.8293      2.7539      2.8650      2.8500      2.7580      2.8933      2.8770      2.7837      2.9320      2.9180      2.8230      
2010-11-08     1.5546      1.5516      1.5774      1.7395      1.8724      1.9022      1.9508      1.9946      1.9969      2.6413      2.6429      2.6056      2.8435      2.8336      2.7652      2.8667      2.8557      2.7708      2.8954      2.8830      2.7968      2.9347      2.9235      2.8360      
2010-11-09     1.5430      1.5509      1.5716      1.7033      1.8413      1.8891      1.9250      1.9810      1.9884      2.6362      2.6436      2.6049      2.8471      2.8382      2.7763      2.8689      2.8608      2.7838      2.8981      2.8885      2.8100      2.9371      2.9284      2.8491      
2010-11-10     1.5320      1.5504      1.5657      1.6666      1.8015      1.8751      1.8997      1.9587      1.9768      2.6248      2.6385      2.6072      2.8519      2.8431      2.7875      2.8718      2.8652      2.7966      2.9006      2.8930      2.8231      2.9394      2.9323      2.8623      
2010-11-11     1.5242      1.5500      1.5608      1.6370      1.7662      1.8619      1.8955      1.9472      1.9694      2.6160      2.6343      2.6146      2.8575      2.8477      2.7989      2.8769      2.8700      2.8099      2.9056      2.8979      2.8367      2.9439      2.9366      2.8759      
2010-11-12     1.5228      1.5442      1.5575      1.6544      1.7332      1.8497      1.8970      1.9362      1.9681      2.6127      2.6304      2.6235      2.8648      2.8529      2.8105      2.8844      2.8747      2.8235      2.9126      2.9029      2.8506      2.9502      2.9411      2.8900      
2010-11-15     1.5355      1.5451      1.5573      1.6843      1.7119      1.8418      1.9079      1.9293      1.9688      2.6140      2.6277      2.6312      2.8728      2.8581      2.8222      2.8923      2.8795      2.8373      2.9205      2.9080      2.8648      2.9569      2.9458      2.9043      
2010-11-16     1.5615      1.5523      1.5602      1.7052      1.7043      1.8334      1.9331      1.9290      1.9713      2.6160      2.6261      2.6362      2.8794      2.8633      2.8341      2.8993      2.8841      2.8512      2.9279      2.9130      2.8789      2.9634      2.9503      2.9189      
2010-11-17     1.6036      1.5678      1.5669      1.7614      1.7140      1.8311      1.9864      1.9431      1.9776      2.6240      2.6244      2.6354      2.8849      2.8684      2.8420      2.9060      2.8889      2.8605      2.9349      2.9178      2.8883      2.9695      2.9545      2.9279      
2010-11-18     1.6602      1.5922      1.5775      1.8256      1.7313      1.8341      2.0402      1.9679      1.9895      2.6319      2.6240      2.6344      2.8894      2.8735      2.8486      2.9104      2.8936      2.8680      2.9390      2.9223      2.8958      2.9735      2.9587      2.9348      
2010-11-19     1.7188      1.6208      1.5889      1.9015      1.7779      1.8408      2.0937      1.9954      1.9995      2.6442      2.6285      2.6352      2.8930      2.8789      2.8541      2.9135      2.8990      2.8745      2.9419      2.9272      2.9021      2.9762      2.9632      2.9406      
2010-11-22     1.7923      1.6639      1.6078      1.9747      1.8295      1.8509      2.1453      2.0266      2.0106      2.6936      2.6538      2.6483      2.8991      2.8859      2.8598      2.9192      2.9057      2.8807      2.9466      2.9336      2.9083      2.9800      2.9684      2.9460      
2010-11-23     1.8585      1.7100      1.6304      2.0696      1.8874      1.8644      2.2213      2.0772      2.0291      2.7704      2.6932      2.6684      2.9147      2.8971      2.8677      2.9278      2.9136      2.8872      2.9540      2.9410      2.9147      2.9869      2.9752      2.9518      
2010-11-24     1.8937      1.7487      1.6495      2.1519      1.9566      1.8790      2.3224      2.1544      2.0566      2.8971      2.7605      2.6995      2.9388      2.9118      2.8775      2.9394      2.9227      2.8940      2.9647      2.9498      2.9214      2.9965      2.9830      2.9577      
2010-11-25     1.9114      1.7858      1.6679      2.2488      2.0372      1.9017      2.4794      2.2598      2.1035      3.0556      2.8438      2.7391      2.9738      2.9316      2.8897      2.9545      2.9324      2.9012      2.9779      2.9585      2.9282      3.0085      2.9910      2.9638      
2010-11-26     1.9262      1.8225      1.6833      2.3771      2.1393      1.9362      2.6512      2.3725      2.1544      3.2204      2.9323      2.7813      3.0213      2.9571      2.9050      2.9731      2.9433      2.9090      2.9948      2.9683      2.9356      3.0249      3.0005      2.9708      
2010-11-29     1.9185      1.8554      1.7002      2.4816      2.2282      1.9700      2.9086      2.5270      2.2281      3.3642      3.0289      2.8283      3.0763      2.9877      2.9229      2.9918      2.9555      2.9175      3.0123      2.9795      2.9437      3.0423      3.0111      2.9785      
2010-11-30     1.9482      1.9033      1.7278      2.7030      2.3863      2.0453      3.1764      2.6989      2.3140      3.5024      3.1364      2.8812      3.1325      3.0236      2.9434      3.0107      2.9693      2.9267      3.0305      2.9923      2.9526      3.0596      3.0232      2.9867      
2010-12-01     2.0131      1.9534      1.7606      2.9069      2.5294      2.1217      3.3983      2.8604      2.4017      3.6283      3.2627      2.9435      3.1872      3.0630      2.9657      3.0294      2.9844      2.9366      3.0480      3.0064      2.9621      3.0768      3.0366      2.9956      
2010-12-02     2.0823      1.9969      1.7945      3.0805      2.6647      2.1980      3.5480      3.0137      2.4908      3.7036      3.3796      3.0018      3.2386      3.1062      2.9898      3.0472      3.0009      2.9473      3.0654      3.0217      2.9720      3.0942      3.0514      3.0050      
2010-12-03     2.1034      2.0148      1.8178      3.2047      2.7909      2.2844      3.6755      3.1634      2.5794      3.7665      3.4935      3.0610      3.2803      3.1508      3.0148      3.0619      3.0175      2.9583      3.0804      3.0376      2.9824      3.1095      3.0672      3.0152      
2010-12-06     2.0951      2.0068      1.8354      3.2878      2.8847      2.3571      3.6485      3.2786      2.6526      3.8004      3.5823      3.1180      3.3166      3.1964      3.0412      3.0743      3.0331      2.9694      3.0933      3.0528      2.9932      3.1227      3.0825      3.0255      
2010-12-07     2.0662      2.0072      1.8586      3.0641      2.8836      2.3855      3.5739      3.3751      2.7262      3.7771      3.6398      3.1665      3.3454      3.2390      3.0680      3.0842      3.0475      2.9805      3.1038      3.0671      3.0040      3.1336      3.0966      3.0359      
2010-12-08     2.0398      2.0265      1.8876      2.8955      2.9012      2.4289      3.4900      3.4441      2.7993      3.7506      3.6894      3.2250      3.3721      3.2797      3.0958      3.0927      3.0611      2.9919      3.1133      3.0807      3.0152      3.1429      3.1099      3.0464      
2010-12-09     1.9942      2.0383      1.9120      2.7238      2.9022      2.4697      3.4103      3.4792      2.8695      3.7381      3.7209      3.2823      3.4125      3.3255      3.1286      3.0997      3.0735      3.0030      3.1225      3.0939      3.0262      3.1511      3.1227      3.0568      
2010-12-10     1.9967      2.0501      1.9363      2.5560      2.8803      2.5098      3.3252      3.5003      2.9364      3.7439      3.7552      3.3437      3.4698      3.3751      3.1661      3.1071      3.0845      3.0139      3.1317      3.1061      3.0372      3.1583      3.1339      3.0672      
2010-12-13     2.0221      2.0586      1.9570      2.4491      2.8684      2.5483      3.3023      3.4754      3.0012      3.7533      3.7769      3.4029      3.5282      3.4224      3.2051      3.1152      3.0948      3.0251      3.1409      3.1171      3.0483      3.1656      3.1442      3.0777      
2010-12-14     2.0246      2.0454      1.9744      2.6667      2.8654      2.6259      3.3166      3.4452      3.0720      3.8264      3.8018      3.4691      3.5935      3.4695      3.2465      3.1240      3.1041      3.0367      3.1505      3.1271      3.0597      3.1735      3.1536      3.0884      
2010-12-15     2.0082      2.0240      1.9887      2.8893      2.8924      2.7109      3.3770      3.4335      3.1469      3.8934      3.8220      3.5423      3.6727      3.5224      3.2927      3.1340      3.1134      3.0489      3.1618      3.1376      3.0720      3.1834      3.1632      3.0999      
2010-12-16     2.0065      2.0004      1.9986      3.0587      2.8913      2.7780      3.4361      3.4232      3.2185      3.9826      3.8604      3.6200      3.7378      3.5752      3.3407      3.1444      3.1221      3.0615      3.1728      3.1477      3.0847      3.1935      3.1723      3.1118      
2010-12-17     2.0034      2.0001      2.0074      3.3002      2.9281      2.8595      3.5583      3.4417      3.3025      4.0743      3.9091      3.7013      3.7883      3.6291      3.3899      3.1547      3.1309      3.0742      3.1832      3.1575      3.0975      3.2032      3.1808      3.1240      
2010-12-20     2.0228      2.0224      2.0146      3.4901      2.9696      2.9272      3.6955      3.4989      3.3887      4.1776      3.9655      3.7739      3.8387      3.6835      3.4400      3.1688      3.1420      3.0876      3.1975      3.1692      3.1110      3.2184      3.1920      3.1373      
2010-12-21     2.0935      2.0591      2.0331      3.6470      3.1569      3.0202      3.8800      3.5983      3.4867      4.2840      4.0552      3.8475      3.8845      3.7390      3.4890      3.1884      3.1562      3.1018      3.2182      3.1844      3.1257      3.2394      3.2065      3.1515      
2010-12-22     2.2010      2.1046      2.0655      3.7555      3.3224      3.1118      4.0720      3.7245      3.5843      4.4235      4.1585      3.9240      3.9439      3.8083      3.5440      3.2112      3.1726      3.1168      3.2398      3.2008      3.1407      3.2630      3.2232      3.1665      
2010-12-23     2.4519      2.2292      2.1337      4.2207      3.6397      3.2709      4.3765      3.9063      3.6927      4.6192      4.3009      4.0109      4.0088      3.8733      3.5994      3.2426      3.1935      3.1335      3.2692      3.2210      3.1575      3.2923      3.2429      3.1828      
2010-12-24     2.9044      2.4539      2.2520      4.4667      3.8834      3.3819      4.7212      4.1398      3.8200      4.9071      4.4907      4.1229      4.0972      3.9427      3.6589      3.2798      3.2173      3.1509      3.3038      3.2435      3.1748      3.3267      3.2650      3.1994      
2010-12-27     3.3853      2.7041      2.3813      4.8258      4.1580      3.5132      5.0938      4.3947      3.9350      5.2547      4.7162      4.2465      4.2264      4.0326      3.7275      3.3311      3.2499      3.1724      3.3541      3.2758      3.1965      3.3801      3.2993      3.2217      
2010-12-28     3.8340      2.9638      2.5046      5.1622      4.4046      3.6350      5.5542      4.7171      4.0812      5.5931      4.9385      4.3702      4.3569      4.1207      3.7951      3.3836      3.2860      3.1950      3.4071      3.3127      3.2199      3.4364      3.3379      3.2457      
2010-12-29     4.2751      3.2381      2.6310      5.5418      4.6487      3.7705      5.8441      4.9581      4.1958      5.8760      5.1498      4.4859      4.4590      4.2015      3.8620      3.4324      3.3218      3.2176      3.4586      3.3492      3.2434      3.4906      3.3768      3.2700      
2010-12-30     4.6440      3.5479      2.7742      5.6666      4.9436      3.9174      6.1006      5.2386      4.3309      6.0850      5.3521      4.6062      4.5476      4.2782      3.9267      3.4766      3.3596      3.2409      3.5061      3.3876      3.2676      3.5416      3.4170      3.2946      
2010-12-31     4.6967      3.8006      2.9003      5.9577      5.2122      4.0701      6.2816      5.5014      4.4716      6.1702      5.5387      4.7239      4.6070      4.3521      3.9906      3.5168      3.3983      3.2646      3.5495      3.4266      3.2921      3.5889      3.4578      3.3193      
