日期           O/N                                 1W                                  2W                                  1M                                  3M                                  6M                                  9M                                  1Y                                  
===========================================================================================================================================
               5日均值     10日均值    20日均值    5日均值     10日均值    20日均值    5日均值     10日均值    20日均值    5日均值     10日均值    20日均值    5日均值     10日均值    20日均值    5日均值     10日均值    20日均值    5日均值     10日均值    20日均值    5日均值     10日均值    20日均值    
2009-01-04     0.9072      0.9087      1.0379      1.0867      1.1992      1.3939      1.1638      1.2069      1.3993      1.2498      1.2997      1.5499      1.8176      1.9465      2.1890      2.1123      2.2358      2.4550      2.2670      2.3915      2.6014      2.3921      2.5169      2.7222      
2009-01-05     0.9091      0.9073      1.0116      1.0454      1.1589      1.3513      1.1392      1.1918      1.3568      1.2330      1.2754      1.5057      1.7762      1.8963      2.1427      2.0791      2.1876      2.4149      2.2337      2.3453      2.5628      2.3606      2.4707      2.6841      
2009-01-06     0.9107      0.9057      0.9850      1.0111      1.1202      1.3088      1.1189      1.1734      1.3149      1.2068      1.2549      1.4560      1.7355      1.8446      2.0959      2.0473      2.1408      2.3749      2.2012      2.2983      2.5241      2.3319      2.4243      2.6465      
2009-01-07     0.9107      0.9036      0.9590      0.9967      1.0839      1.2716      1.0992      1.1525      1.2742      1.1852      1.2355      1.4102      1.6986      1.8001      2.0491      2.0183      2.1012      2.3350      2.1724      2.2579      2.4851      2.3044      2.3852      2.6091      
2009-01-08     0.8979      0.9018      0.9459      0.9932      1.0622      1.2423      1.0737      1.1314      1.2361      1.1650      1.2167      1.3703      1.6609      1.7594      2.0026      1.9854      2.0656      2.2943      2.1410      2.2215      2.4458      2.2783      2.3520      2.5717      
2009-01-09     0.8828      0.8950      0.9320      0.9848      1.0357      1.2166      1.0490      1.1064      1.2109      1.1472      1.1985      1.3376      1.6227      1.7202      1.9577      1.9525      2.0324      2.2536      2.1082      2.1876      2.4061      2.2516      2.3219      2.5342      
2009-01-12     0.8677      0.8884      0.9183      0.9704      1.0079      1.1861      1.0190      1.0791      1.1839      1.1285      1.1808      1.3081      1.5879      1.6821      1.9146      1.9174      1.9983      2.2131      2.0744      2.1541      2.3666      2.2286      2.2946      2.4980      
2009-01-13     0.8527      0.8817      0.9047      0.9567      0.9839      1.1561      0.9969      1.0579      1.1587      1.1273      1.1671      1.2822      1.5573      1.6464      1.8723      1.8821      1.9647      2.1725      2.0425      2.1218      2.3272      2.2062      2.2690      2.4620      
2009-01-14     0.8389      0.8748      0.8941      0.9400      0.9684      1.1266      0.9792      1.0392      1.1353      1.1222      1.1537      1.2538      1.5296      1.6141      1.8306      1.8497      1.9340      2.1330      2.0134      2.0929      2.2886      2.1867      2.2456      2.4270      
2009-01-15     0.8263      0.8621      0.8870      0.9225      0.9578      1.0991      0.9595      1.0166      1.1177      1.1192      1.1421      1.2339      1.5052      1.5831      1.7899      1.8217      1.9036      2.0940      1.9880      2.0645      2.2510      2.1677      2.2230      2.3928      
2009-01-16     0.8218      0.8523      0.8805      0.9162      0.9505      1.0748      0.9431      0.9961      1.1015      1.1189      1.1331      1.2164      1.4843      1.5535      1.7500      1.7959      1.8742      2.0550      1.9651      2.0367      2.2141      2.1505      2.2011      2.3590      
2009-01-19     0.8180      0.8429      0.8751      0.9124      0.9414      1.0502      0.9353      0.9772      1.0845      1.1191      1.1238      1.1996      1.4660      1.5270      1.7116      1.7741      1.8458      2.0167      1.9464      2.0104      2.1779      2.1315      2.1801      2.3254      
2009-01-20     0.8170      0.8349      0.8703      0.9044      0.9306      1.0254      0.9279      0.9624      1.0679      1.1109      1.1191      1.1870      1.4510      1.5041      1.6744      1.7549      1.8185      1.9796      1.9303      1.9864      2.1423      2.1125      2.1594      2.2918      
2009-01-21     0.8356      0.8372      0.8704      0.9077      0.9239      1.0039      0.9255      0.9524      1.0524      1.1065      1.1144      1.1749      1.4359      1.4827      1.6414      1.7362      1.7930      1.9471      1.9138      1.9636      2.1108      2.0926      2.1397      2.2624      
2009-01-22     0.8504      0.8384      0.8701      0.9327      0.9276      0.9949      0.9484      0.9539      1.0426      1.1053      1.1123      1.1645      1.4222      1.4637      1.6116      1.7201      1.7709      1.9183      1.8980      1.9430      2.0822      2.0732      2.1204      2.2362      
2009-01-23     0.8632      0.8425      0.8688      0.9556      0.9359      0.9858      0.9698      0.9565      1.0314      1.1028      1.1109      1.1547      1.4095      1.4469      1.5835      1.7053      1.7506      1.8915      1.8825      1.9238      2.0557      2.0553      2.1029      2.2124      
2009-01-24     0.8860      0.8520      0.8702      0.9708      0.9416      0.9748      0.9921      0.9637      1.0214      1.0997      1.1094      1.1451      1.3991      1.4326      1.5573      1.6927      1.7334      1.8658      1.8685      1.9075      2.0308      2.0410      2.0863      2.1904      
2009-02-01     0.9077      0.8623      0.8720      0.9797      0.9420      0.9630      0.9965      0.9622      1.0101      1.0997      1.1053      1.1362      1.3876      1.4193      1.5329      1.6813      1.7181      1.8414      1.8553      1.8928      2.0073      2.0282      2.0704      2.1697      
2009-02-02     0.8863      0.8609      0.8679      0.9739      0.9408      0.9546      0.9912      0.9584      0.9988      1.1001      1.1033      1.1285      1.3757      1.4058      1.5100      1.6699      1.7031      1.8185      1.8424      1.8781      1.9855      2.0167      2.0546      2.1501      
2009-02-03     0.8727      0.8616      0.8618      0.9551      0.9439      0.9509      0.9665      0.9574      0.9870      1.0970      1.1012      1.1217      1.3645      1.3934      1.4882      1.6584      1.6893      1.7964      1.8300      1.8640      1.9642      2.0068      2.0400      2.1315      
2009-02-04     0.8603      0.8618      0.8570      0.9378      0.9467      0.9486      0.9462      0.9580      0.9770      1.0897      1.0962      1.1146      1.3555      1.3825      1.4680      1.6488      1.6770      1.7756      1.8193      1.8509      1.9438      1.9979      2.0266      2.1138      
2009-02-05     0.8399      0.8630      0.8529      0.9292      0.9500      0.9457      0.9307      0.9614      0.9693      1.0824      1.0910      1.1074      1.3459      1.3725      1.4498      1.6394      1.6661      1.7559      1.8091      1.8388      1.9246      1.9895      2.0153      2.0977      
2009-02-06     0.8198      0.8637      0.8493      0.9312      0.9554      0.9430      0.9321      0.9643      0.9634      1.0764      1.0880      1.1036      1.3384      1.3630      1.4336      1.6298      1.6556      1.7370      1.7981      1.8267      1.9065      1.9823      2.0052      2.0823      
2009-02-09     0.8251      0.8557      0.8465      0.9370      0.9555      0.9397      0.9386      0.9649      0.9586      1.0717      1.0859      1.1001      1.3337      1.3547      1.4187      1.6214      1.6456      1.7193      1.7883      1.8153      1.8895      1.9750      1.9958      2.0678      
2009-02-10     0.8262      0.8495      0.8439      0.9386      0.9469      0.9372      0.9425      0.9545      0.9542      1.0647      1.0809      1.0966      1.3279      1.3462      1.4050      1.6143      1.6364      1.7036      1.7795      1.8048      1.8739      1.9683      1.9876      2.0540      
2009-02-11     0.8308      0.8456      0.8440      0.9375      0.9377      0.9368      0.9448      0.9455      0.9510      1.0602      1.0749      1.0929      1.3217      1.3386      1.3927      1.6081      1.6285      1.6895      1.7703      1.7948      1.8593      1.9621      1.9800      2.0415      
2009-02-12     0.8314      0.8357      0.8438      0.9360      0.9326      0.9371      0.9450      0.9379      0.9508      1.0591      1.0708      1.0901      1.3158      1.3309      1.3817      1.6023      1.6209      1.6771      1.7614      1.7853      1.8464      1.9562      1.9729      2.0296      
2009-02-13     0.8335      0.8266      0.8445      0.9404      0.9358      0.9389      0.9471      0.9396      0.9509      1.0597      1.0680      1.0867      1.3102      1.3243      1.3718      1.5977      1.6137      1.6659      1.7538      1.7760      1.8344      1.9514      1.9668      2.0186      
2009-02-16     0.8310      0.8280      0.8445      0.9434      0.9402      0.9405      0.9490      0.9438      0.9511      1.0622      1.0670      1.0851      1.3044      1.3190      1.3624      1.5934      1.6074      1.6552      1.7473      1.7678      1.8230      1.9480      1.9615      2.0081      
2009-02-17     0.8285      0.8274      0.8445      0.9461      0.9424      0.9431      0.9501      0.9463      0.9519      1.0631      1.0639      1.0826      1.2997      1.3138      1.3536      1.5887      1.6015      1.6454      1.7418      1.7606      1.8123      1.9459      1.9571      1.9985      
2009-02-18     0.8240      0.8274      0.8446      0.9499      0.9437      0.9452      0.9521      0.9485      0.9532      1.0640      1.0621      1.0792      1.2953      1.3085      1.3455      1.5840      1.5961      1.6366      1.7366      1.7535      1.8022      1.9440      1.9531      1.9898      
2009-02-19     0.8229      0.8272      0.8451      0.9534      0.9447      0.9474      0.9569      0.9510      0.9562      1.0623      1.0607      1.0759      1.2914      1.3036      1.3381      1.5798      1.5910      1.6285      1.7319      1.7467      1.7927      1.9426      1.9494      1.9823      
2009-02-20     0.8203      0.8269      0.8453      0.9568      0.9486      0.9520      0.9605      0.9538      0.9590      1.0592      1.0594      1.0737      1.2881      1.2991      1.3311      1.5762      1.5870      1.6213      1.7282      1.7410      1.7838      1.9411      1.9462      1.9757      
2009-02-23     0.8210      0.8260      0.8408      0.9650      0.9542      0.9548      0.9647      0.9568      0.9609      1.0552      1.0587      1.0723      1.2861      1.2952      1.3250      1.5730      1.5832      1.6144      1.7245      1.7359      1.7756      1.9397      1.9439      1.9699      
2009-02-24     0.8200      0.8243      0.8369      0.9655      0.9558      0.9513      0.9714      0.9607      0.9576      1.0524      1.0578      1.0693      1.2839      1.2918      1.3190      1.5697      1.5792      1.6078      1.7207      1.7313      1.7680      1.9381      1.9420      1.9648      
2009-02-25     0.8190      0.8215      0.8336      0.9644      0.9572      0.9474      0.9759      0.9640      0.9548      1.0489      1.0565      1.0657      1.2824      1.2888      1.3137      1.5666      1.5753      1.6019      1.7182      1.7274      1.7611      1.9363      1.9402      1.9601      
2009-02-26     0.8156      0.8193      0.8275      0.9625      0.9580      0.9453      0.9742      0.9656      0.9517      1.0447      1.0535      1.0621      1.2811      1.2863      1.3086      1.5627      1.5713      1.5961      1.7153      1.7236      1.7544      1.9343      1.9385      1.9557      
2009-02-27     0.8127      0.8165      0.8216      0.9574      0.9571      0.9464      0.9722      0.9663      0.9530      1.0412      1.0502      1.0591      1.2795      1.2838      1.3040      1.5583      1.5673      1.5905      1.7123      1.7202      1.7481      1.9322      1.9367      1.9517      
2009-03-02     0.8089      0.8149      0.8215      0.9481      0.9566      0.9484      0.9689      0.9668      0.9553      1.0391      1.0471      1.0571      1.2769      1.2815      1.3002      1.5536      1.5633      1.5854      1.7095      1.7170      1.7424      1.9298      1.9348      1.9481      
2009-03-03     0.8064      0.8132      0.8203      0.9464      0.9560      0.9492      0.9631      0.9672      0.9567      1.0363      1.0443      1.0541      1.2750      1.2795      1.2966      1.5494      1.5596      1.5805      1.7070      1.7139      1.7373      1.9274      1.9328      1.9449      
2009-03-04     0.8043      0.8117      0.8195      0.9454      0.9549      0.9493      0.9565      0.9662      0.9573      1.0347      1.0418      1.0520      1.2735      1.2779      1.2932      1.5464      1.5565      1.5763      1.7043      1.7113      1.7324      1.9255      1.9309      1.9420      
2009-03-05     0.8034      0.8095      0.8184      0.9458      0.9541      0.9494      0.9534      0.9638      0.9574      1.0338      1.0393      1.0500      1.2716      1.2764      1.2900      1.5436      1.5532      1.5721      1.7025      1.7089      1.7278      1.9234      1.9289      1.9391      
2009-03-06     0.8022      0.8075      0.8172      0.9415      0.9495      0.9490      0.9496      0.9609      0.9573      1.0338      1.0375      1.0485      1.2699      1.2747      1.2869      1.5408      1.5496      1.5683      1.7007      1.7065      1.7237      1.9216      1.9269      1.9366      
2009-03-09     0.8027      0.8058      0.8159      0.9444      0.9463      0.9502      0.9500      0.9595      0.9581      1.0336      1.0363      1.0475      1.2686      1.2727      1.2840      1.5386      1.5461      1.5647      1.6988      1.7042      1.7200      1.9194      1.9246      1.9343      
2009-03-10     0.8028      0.8046      0.8144      0.9439      0.9452      0.9505      0.9492      0.9561      0.9584      1.0338      1.0350      1.0464      1.2665      1.2708      1.2813      1.5365      1.5430      1.5611      1.6971      1.7020      1.7166      1.9172      1.9223      1.9321      
2009-03-11     0.8035      0.8039      0.8127      0.9448      0.9451      0.9511      0.9485      0.9525      0.9582      1.0332      1.0340      1.0452      1.2635      1.2685      1.2787      1.5336      1.5400      1.5577      1.6954      1.6999      1.7136      1.9150      1.9203      1.9302      
2009-03-12     0.8037      0.8035      0.8114      0.9440      0.9449      0.9514      0.9477      0.9506      0.9581      1.0329      1.0333      1.0434      1.2605      1.2661      1.2762      1.5312      1.5374      1.5543      1.6934      1.6979      1.7108      1.9131      1.9183      1.9284      
2009-03-13     0.8041      0.8032      0.8098      0.9463      0.9439      0.9505      0.9489      0.9492      0.9578      1.0310      1.0324      1.0413      1.2578      1.2638      1.2738      1.5293      1.5350      1.5512      1.6914      1.6960      1.7081      1.9112      1.9164      1.9265      
2009-03-16     0.8037      0.8032      0.8090      0.9458      0.9451      0.9508      0.9465      0.9483      0.9575      1.0294      1.0315      1.0393      1.2545      1.2615      1.2715      1.5270      1.5328      1.5481      1.6891      1.6940      1.7055      1.9091      1.9143      1.9245      
2009-03-17     0.8039      0.8034      0.8083      0.9458      0.9448      0.9504      0.9448      0.9470      0.9571      1.0290      1.0314      1.0379      1.2516      1.2591      1.2693      1.5246      1.5305      1.5451      1.6865      1.6918      1.7028      1.9068      1.9120      1.9224      
2009-03-18     0.8039      0.8037      0.8077      0.9400      0.9424      0.9487      0.9432      0.9458      0.9560      1.0281      1.0307      1.0363      1.2492      1.2564      1.2672      1.5211      1.5274      1.5419      1.6839      1.6897      1.7005      1.9042      1.9096      1.9202      
2009-03-19     0.8045      0.8041      0.8068      0.9441      0.9441      0.9491      0.9432      0.9455      0.9546      1.0283      1.0306      1.0349      1.2473      1.2539      1.2651      1.5178      1.5245      1.5388      1.6811      1.6873      1.6981      1.9012      1.9071      1.9180      
2009-03-20     0.8049      0.8045      0.8060      0.9496      0.9480      0.9487      0.9442      0.9465      0.9537      1.0295      1.0303      1.0339      1.2452      1.2515      1.2631      1.5144      1.5219      1.5357      1.6779      1.6847      1.6956      1.8981      1.9047      1.9158      
2009-03-23     0.8051      0.8044      0.8051      0.9504      0.9481      0.9472      0.9460      0.9463      0.9529      1.0300      1.0297      1.0330      1.2433      1.2489      1.2608      1.5108      1.5189      1.5325      1.6749      1.6820      1.6931      1.8953      1.9022      1.9134      
2009-03-24     0.8048      0.8044      0.8045      0.9492      0.9475      0.9463      0.9466      0.9457      0.9509      1.0304      1.0297      1.0324      1.2412      1.2464      1.2586      1.5072      1.5159      1.5294      1.6718      1.6792      1.6906      1.8926      1.8997      1.9110      
2009-03-25     0.8045      0.8042      0.8040      0.9520      0.9460      0.9456      0.9463      0.9448      0.9486      1.0308      1.0295      1.0317      1.2391      1.2442      1.2563      1.5048      1.5130      1.5265      1.6684      1.6762      1.6880      1.8897      1.8969      1.9086      
2009-03-26     0.8038      0.8042      0.8039      0.9461      0.9451      0.9450      0.9453      0.9442      0.9474      1.0307      1.0295      1.0314      1.2366      1.2420      1.2540      1.5025      1.5101      1.5238      1.6653      1.6732      1.6856      1.8868      1.8940      1.9061      
2009-03-27     0.8033      0.8041      0.8036      0.9433      0.9465      0.9452      0.9430      0.9436      0.9464      1.0299      1.0297      1.0310      1.2341      1.2397      1.2517      1.5001      1.5072      1.5211      1.6627      1.6703      1.6832      1.8841      1.8911      1.9037      
2009-03-30     0.8029      0.8040      0.8036      0.9393      0.9449      0.9450      0.9406      0.9433      0.9458      1.0288      1.0294      1.0304      1.2318      1.2375      1.2495      1.4982      1.5045      1.5187      1.6605      1.6677      1.6808      1.8817      1.8885      1.9014      
2009-03-31     0.8028      0.8038      0.8036      0.9387      0.9440      0.9444      0.9388      0.9427      0.9448      1.0282      1.0293      1.0303      1.2294      1.2353      1.2472      1.4965      1.5019      1.5162      1.6584      1.6651      1.6785      1.8795      1.8860      1.8990      
2009-04-01     0.8028      0.8036      0.8037      0.9406      0.9463      0.9444      0.9416      0.9440      0.9449      1.0274      1.0291      1.0299      1.2272      1.2331      1.2448      1.4949      1.4998      1.5136      1.6563      1.6624      1.6760      1.8775      1.8836      1.8966      
2009-04-02     0.8028      0.8033      0.8037      0.9430      0.9445      0.9443      0.9426      0.9439      0.9447      1.0271      1.0289      1.0298      1.2254      1.2310      1.2425      1.4934      1.4979      1.5112      1.6544      1.6599      1.6736      1.8760      1.8814      1.8943      
2009-04-03     0.8028      0.8031      0.8038      0.9406      0.9419      0.9450      0.9441      0.9435      0.9450      1.0272      1.0286      1.0294      1.2238      1.2290      1.2402      1.4924      1.4963      1.5091      1.6525      1.6576      1.6712      1.8745      1.8793      1.8920      
2009-04-07     0.8025      0.8027      0.8035      0.9414      0.9404      0.9442      0.9460      0.9433      0.9448      1.0262      1.0275      1.0286      1.2221      1.2270      1.2379      1.4915      1.4949      1.5069      1.6504      1.6555      1.6687      1.8727      1.8772      1.8897      
2009-04-08     0.8024      0.8026      0.8035      0.9431      0.9409      0.9442      0.9475      0.9432      0.9444      1.0246      1.0264      1.0280      1.2208      1.2251      1.2357      1.4906      1.4936      1.5047      1.6485      1.6534      1.6663      1.8709      1.8752      1.8874      
2009-04-09     0.8024      0.8026      0.8034      0.9426      0.9416      0.9438      0.9454      0.9435      0.9442      1.0245      1.0260      1.0277      1.2193      1.2232      1.2337      1.4892      1.4920      1.5025      1.6470      1.6517      1.6639      1.8688      1.8732      1.8851      
2009-04-10     0.8022      0.8025      0.8033      0.9418      0.9424      0.9438      0.9452      0.9439      0.9440      1.0237      1.0254      1.0275      1.2176      1.2215      1.2317      1.4877      1.4905      1.5003      1.6453      1.6498      1.6615      1.8662      1.8711      1.8826      
2009-04-13     0.8023      0.8026      0.8033      0.9383      0.9394      0.9429      0.9441      0.9441      0.9438      1.0234      1.0253      1.0275      1.2160      1.2199      1.2298      1.4859      1.4892      1.4982      1.6437      1.6481      1.6592      1.8636      1.8690      1.8801      
2009-04-14     0.8020      0.8023      0.8031      0.9320      0.9367      0.9408      0.9423      0.9441      0.9437      1.0237      1.0250      1.0272      1.2147      1.2184      1.2280      1.4841      1.4878      1.4961      1.6424      1.6464      1.6571      1.8612      1.8670      1.8777      
2009-04-15     0.8018      0.8021      0.8030      0.9268      0.9349      0.9394      0.9406      0.9441      0.9434      1.0235      1.0240      1.0267      1.2136      1.2172      1.2262      1.4823      1.4865      1.4942      1.6413      1.6449      1.6550      1.8589      1.8649      1.8755      
2009-04-16     0.8015      0.8020      0.8028      0.9229      0.9328      0.9395      0.9391      0.9423      0.9431      1.0222      1.0234      1.0262      1.2128      1.2160      1.2246      1.4808      1.4850      1.4924      1.6401      1.6436      1.6530      1.8571      1.8630      1.8733      
2009-04-17     0.8017      0.8019      0.8026      0.9195      0.9307      0.9376      0.9390      0.9421      0.9430      1.0207      1.0222      1.0256      1.2121      1.2149      1.2229      1.4794      1.4836      1.4907      1.6393      1.6423      1.6511      1.8558      1.8610      1.8712      
2009-04-20     0.8014      0.8018      0.8025      0.9174      0.9278      0.9349      0.9391      0.9416      0.9426      1.0186      1.0210      1.0248      1.2115      1.2137      1.2213      1.4782      1.4821      1.4892      1.6385      1.6411      1.6494      1.8549      1.8592      1.8693      
2009-04-21     0.8059      0.8040      0.8033      0.9178      0.9249      0.9326      0.9400      0.9411      0.9422      1.0177      1.0207      1.0241      1.2112      1.2130      1.2200      1.4778      1.4809      1.4879      1.6382      1.6403      1.6479      1.8545      1.8579      1.8675      
2009-04-22     0.8116      0.8067      0.8047      0.9217      0.9243      0.9326      0.9406      0.9406      0.9419      1.0176      1.0205      1.0235      1.2114      1.2125      1.2188      1.4776      1.4800      1.4868      1.6381      1.6397      1.6466      1.8547      1.8568      1.8660      
2009-04-23     0.8140      0.8078      0.8052      0.9271      0.9250      0.9333      0.9447      0.9419      0.9427      1.0175      1.0199      1.0229      1.2118      1.2123      1.2178      1.4776      1.4792      1.4856      1.6380      1.6391      1.6454      1.8540      1.8556      1.8644      
2009-04-24     0.8160      0.8088      0.8057      0.9354      0.9275      0.9349      0.9481      0.9436      0.9437      1.0179      1.0193      1.0224      1.2123      1.2122      1.2169      1.4775      1.4784      1.4845      1.6380      1.6386      1.6442      1.8536      1.8547      1.8629      
2009-04-27     0.8182      0.8098      0.8062      0.9441      0.9308      0.9351      0.9534      0.9463      0.9452      1.0190      1.0188      1.0220      1.2131      1.2123      1.2161      1.4775      1.4779      1.4835      1.6382      1.6384      1.6432      1.8532      1.8541      1.8615      
2009-04-28     0.8151      0.8105      0.8064      0.9490      0.9334      0.9351      0.9559      0.9479      0.9460      1.0190      1.0184      1.0217      1.2135      1.2123      1.2154      1.4773      1.4776      1.4827      1.6383      1.6382      1.6423      1.8525      1.8535      1.8603      
2009-04-29     0.8108      0.8112      0.8067      0.9497      0.9357      0.9353      0.9585      0.9496      0.9468      1.0195      1.0185      1.0213      1.2136      1.2125      1.2149      1.4771      1.4774      1.4819      1.6384      1.6382      1.6416      1.8520      1.8533      1.8591      
2009-04-30     0.8096      0.8118      0.8069      0.9486      0.9378      0.9353      0.9575      0.9511      0.9467      1.0210      1.0193      1.0213      1.2139      1.2128      1.2144      1.4767      1.4772      1.4811      1.6387      1.6384      1.6410      1.8523      1.8531      1.8581      
2009-05-04     0.8098      0.8129      0.8074      0.9447      0.9400      0.9354      0.9562      0.9522      0.9471      1.0225      1.0202      1.0212      1.2142      1.2133      1.2141      1.4765      1.4770      1.4803      1.6391      1.6385      1.6404      1.8521      1.8529      1.8569      
2009-05-05     0.8093      0.8138      0.8078      0.9400      0.9420      0.9349      0.9513      0.9523      0.9470      1.0234      1.0212      1.0211      1.2145      1.2138      1.2138      1.4763      1.4769      1.4795      1.6392      1.6387      1.6399      1.8521      1.8526      1.8559      
2009-05-06     0.8096      0.8123      0.8082      0.9369      0.9430      0.9339      0.9484      0.9521      0.9466      1.0246      1.0218      1.0213      1.2146      1.2140      1.2135      1.4757      1.4765      1.4787      1.6395      1.6389      1.6396      1.8522      1.8524      1.8551      
2009-05-07     0.8096      0.8102      0.8085      0.9350      0.9424      0.9333      0.9480      0.9533      0.9469      1.0252      1.0224      1.0214      1.2144      1.2140      1.2133      1.4751      1.4761      1.4780      1.6396      1.6390      1.6393      1.8523      1.8522      1.8545      
2009-05-08     0.8098      0.8097      0.8087      0.9320      0.9403      0.9326      0.9465      0.9520      0.9470      1.0245      1.0227      1.0213      1.2138      1.2139      1.2131      1.4744      1.4756      1.4774      1.6394      1.6390      1.6391      1.8526      1.8524      1.8540      
2009-05-11     0.8084      0.8091      0.8090      0.9292      0.9369      0.9322      0.9454      0.9508      0.9472      1.0246      1.0236      1.0215      1.2129      1.2136      1.2129      1.4735      1.4750      1.4767      1.6393      1.6392      1.6389      1.8530      1.8526      1.8537      
2009-05-12     0.8078      0.8086      0.8092      0.9315      0.9357      0.9332      0.9473      0.9493      0.9478      1.0241      1.0238      1.0213      1.2118      1.2131      1.2127      1.4726      1.4744      1.4761      1.6391      1.6391      1.6387      1.8535      1.8528      1.8534      
2009-05-13     0.8076      0.8086      0.8095      0.9346      0.9358      0.9346      0.9493      0.9489      0.9484      1.0231      1.0239      1.0211      1.2107      1.2127      1.2125      1.4717      1.4737      1.4756      1.6385      1.6390      1.6386      1.8535      1.8529      1.8532      
2009-05-14     0.8075      0.8086      0.8099      0.9367      0.9358      0.9358      0.9492      0.9486      0.9491      1.0222      1.0237      1.0211      1.2095      1.2119      1.2122      1.4710      1.4730      1.4752      1.6380      1.6388      1.6385      1.8534      1.8528      1.8531      
2009-05-15     0.8079      0.8089      0.8103      0.9410      0.9365      0.9372      0.9512      0.9489      0.9500      1.0211      1.0228      1.0210      1.2080      1.2109      1.2119      1.4703      1.4723      1.4748      1.6376      1.6385      1.6384      1.8529      1.8527      1.8529      
2009-05-18     0.8087      0.8085      0.8107      0.9449      0.9371      0.9386      0.9532      0.9493      0.9507      1.0186      1.0216      1.0209      1.2068      1.2098      1.2116      1.4696      1.4716      1.4743      1.6370      1.6382      1.6383      1.8525      1.8528      1.8528      
2009-05-19     0.8092      0.8085      0.8111      0.9467      0.9391      0.9406      0.9543      0.9508      0.9516      1.0171      1.0206      1.0209      1.2059      1.2089      1.2113      1.4685      1.4706      1.4737      1.6366      1.6378      1.6383      1.8519      1.8527      1.8527      
2009-05-20     0.8097      0.8086      0.8105      0.9481      0.9414      0.9422      0.9544      0.9519      0.9520      1.0161      1.0196      1.0207      1.2055      1.2081      1.2111      1.4679      1.4698      1.4732      1.6364      1.6375      1.6382      1.8515      1.8525      1.8524      
2009-05-21     0.8102      0.8088      0.8095      0.9506      0.9436      0.9430      0.9573      0.9533      0.9533      1.0151      1.0187      1.0205      1.2053      1.2074      1.2107      1.4673      1.4691      1.4726      1.6363      1.6371      1.6381      1.8511      1.8523      1.8522      
2009-05-22     0.8103      0.8091      0.8094      0.9532      0.9471      0.9437      0.9593      0.9553      0.9536      1.0145      1.0178      1.0203      1.2057      1.2069      1.2104      1.4666      1.4684      1.4720      1.6363      1.6370      1.6380      1.8510      1.8519      1.8522      
2009-05-25     0.8103      0.8095      0.8093      0.9552      0.9501      0.9435      0.9608      0.9570      0.9539      1.0160      1.0173      1.0204      1.2078      1.2073      1.2104      1.4667      1.4681      1.4716      1.6367      1.6369      1.6380      1.8511      1.8518      1.8522      
2009-05-26     0.8110      0.8101      0.8093      0.9557      0.9512      0.9435      0.9620      0.9582      0.9537      1.0188      1.0179      1.0208      1.2104      1.2082      1.2106      1.4675      1.4680      1.4712      1.6376      1.6371      1.6381      1.8515      1.8517      1.8522      
2009-05-27     0.8116      0.8106      0.8096      0.9567      0.9524      0.9441      0.9634      0.9589      0.9539      1.0222      1.0191      1.0215      1.2135      1.2095      1.2111      1.4682      1.4680      1.4709      1.6384      1.6374      1.6382      1.8519      1.8517      1.8523      
2009-05-31     0.8118      0.8110      0.8098      0.9565      0.9535      0.9447      0.9637      0.9605      0.9546      1.0247      1.0199      1.0218      1.2168      1.2110      1.2115      1.4690      1.4682      1.4706      1.6392      1.6377      1.6383      1.8523      1.8517      1.8523      
2009-06-01     0.8122      0.8113      0.8101      0.9525      0.9529      0.9447      0.9624      0.9609      0.9549      1.0275      1.0210      1.0219      1.2205      1.2131      1.2120      1.4702      1.4684      1.4704      1.6399      1.6381      1.6383      1.8526      1.8518      1.8522      
2009-06-02     0.8128      0.8116      0.8101      0.9490      0.9521      0.9446      0.9629      0.9619      0.9556      1.0285      1.0223      1.0219      1.2224      1.2151      1.2125      1.4709      1.4688      1.4702      1.6402      1.6385      1.6383      1.8525      1.8518      1.8523      
2009-06-03     0.8131      0.8120      0.8103      0.9473      0.9515      0.9453      0.9613      0.9616      0.9562      1.0278      1.0233      1.0220      1.2238      1.2171      1.2130      1.4714      1.4694      1.4700      1.6399      1.6388      1.6383      1.8524      1.8520      1.8523      
2009-06-04     0.8127      0.8121      0.8104      0.9453      0.9510      0.9462      0.9623      0.9629      0.9574      1.0272      1.0247      1.0222      1.2246      1.2190      1.2136      1.4717      1.4699      1.4699      1.6397      1.6390      1.6382      1.8525      1.8522      1.8524      
2009-06-05     0.8128      0.8123      0.8106      0.9437      0.9501      0.9469      0.9631      0.9634      0.9583      1.0273      1.0260      1.0223      1.2256      1.2212      1.2143      1.4719      1.4705      1.4698      1.6395      1.6394      1.6383      1.8525      1.8524      1.8523      
2009-06-08     0.8126      0.8124      0.8108      0.9436      0.9481      0.9476      0.9653      0.9639      0.9596      1.0274      1.0275      1.0226      1.2260      1.2232      1.2150      1.4721      1.4711      1.4698      1.6395      1.6397      1.6383      1.8528      1.8527      1.8523      
2009-06-09     0.8123      0.8126      0.8110      0.9448      0.9469      0.9485      0.9653      0.9641      0.9606      1.0275      1.0280      1.0227      1.2259      1.2242      1.2157      1.4723      1.4716      1.4699      1.6395      1.6398      1.6384      1.8530      1.8528      1.8523      
2009-06-10     0.8127      0.8129      0.8115      0.9435      0.9454      0.9483      0.9654      0.9633      0.9608      1.0288      1.0283      1.0231      1.2261      1.2250      1.2166      1.4723      1.4719      1.4699      1.6396      1.6398      1.6384      1.8532      1.8528      1.8522      
2009-06-11     0.8133      0.8130      0.8118      0.9426      0.9440      0.9482      0.9635      0.9629      0.9609      1.0303      1.0287      1.0239      1.2264      1.2255      1.2175      1.4723      1.4720      1.4700      1.6397      1.6397      1.6386      1.8532      1.8529      1.8523      
2009-06-12     0.8139      0.8133      0.8122      0.9418      0.9428      0.9481      0.9615      0.9623      0.9614      1.0318      1.0295      1.0247      1.2270      1.2263      1.2187      1.4724      1.4721      1.4702      1.6397      1.6396      1.6387      1.8533      1.8529      1.8523      
2009-06-15     0.8150      0.8138      0.8125      0.9420      0.9428      0.9479      0.9614      0.9634      0.9621      1.0334      1.0304      1.0257      1.2280      1.2270      1.2201      1.4724      1.4723      1.4703      1.6398      1.6396      1.6389      1.8533      1.8531      1.8524      
2009-06-16     0.8161      0.8142      0.8129      0.9412      0.9430      0.9476      0.9607      0.9630      0.9624      1.0346      1.0311      1.0267      1.2300      1.2279      1.2215      1.4726      1.4724      1.4706      1.6398      1.6397      1.6391      1.8534      1.8532      1.8525      
2009-06-17     0.8189      0.8158      0.8139      0.9417      0.9426      0.9471      0.9610      0.9632      0.9624      1.0357      1.0323      1.0278      1.2317      1.2289      1.2230      1.4727      1.4725      1.4710      1.6398      1.6397      1.6392      1.8534      1.8533      1.8526      
2009-06-18     0.8251      0.8192      0.8157      0.9441      0.9433      0.9472      0.9670      0.9653      0.9641      1.0367      1.0335      1.0291      1.2337      1.2300      1.2245      1.4731      1.4727      1.4713      1.6398      1.6398      1.6394      1.8536      1.8534      1.8528      
2009-06-19     0.8426      0.8282      0.8203      0.9553      0.9485      0.9493      0.9946      0.9780      0.9707      1.0514      1.0416      1.0338      1.2392      1.2331      1.2271      1.4749      1.4737      1.4721      1.6414      1.6406      1.6400      1.8549      1.8541      1.8533      
2009-06-22     0.8686      0.8418      0.8271      0.9846      0.9633      0.9557      1.0354      0.9984      0.9812      1.0819      1.0577      1.0426      1.2477      1.2379      1.2306      1.4783      1.4753      1.4732      1.6439      1.6418      1.6408      1.8571      1.8552      1.8539      
2009-06-23     0.8967      0.8564      0.8345      1.0162      0.9787      0.9628      1.0851      1.0229      0.9935      1.1180      1.0763      1.0522      1.2574      1.2437      1.2339      1.4817      1.4771      1.4744      1.6466      1.6432      1.6415      1.8595      1.8564      1.8546      
2009-06-24     0.9222      0.8705      0.8417      1.0647      1.0032      0.9743      1.1373      1.0492      1.0062      1.1594      1.0976      1.0630      1.2686      1.2502      1.2376      1.4861      1.4794      1.4756      1.6495      1.6447      1.6422      1.8621      1.8577      1.8553      
2009-06-25     0.9449      0.8850      0.8490      1.0999      1.0220      0.9830      1.1850      1.0760      1.0195      1.2024      1.1195      1.0741      1.2797      1.2567      1.2411      1.4902      1.4817      1.4769      1.6528      1.6463      1.6430      1.8645      1.8590      1.8559      
2009-06-26     0.9568      0.8997      0.8565      1.1349      1.0451      0.9939      1.2099      1.1023      1.0323      1.2349      1.1432      1.0864      1.2877      1.2634      1.2449      1.4931      1.4840      1.4781      1.6545      1.6480      1.6438      1.8659      1.8604      1.8567      
2009-06-29     0.9673      0.9179      0.8659      1.1551      1.0699      1.0063      1.2175      1.1265      1.0449      1.2534      1.1677      1.0990      1.2941      1.2709      1.2490      1.4945      1.4864      1.4793      1.6556      1.6498      1.6447      1.8667      1.8619      1.8575      
2009-06-30     0.9937      0.9452      0.8797      1.1774      1.0968      1.0199      1.2259      1.1555      1.0593      1.2708      1.1944      1.1127      1.3012      1.2793      1.2536      1.4959      1.4888      1.4806      1.6571      1.6518      1.6457      1.8673      1.8634      1.8583      
2009-07-01     1.0217      0.9719      0.8939      1.1758      1.1202      1.0314      1.2252      1.1813      1.0722      1.2817      1.2206      1.1264      1.3073      1.2880      1.2584      1.4969      1.4915      1.4820      1.6587      1.6541      1.6469      1.8680      1.8651      1.8592      
2009-07-02     1.0491      0.9970      0.9081      1.2090      1.1545      1.0489      1.2342      1.2096      1.0874      1.2911      1.2467      1.1401      1.3134      1.2966      1.2633      1.4983      1.4943      1.4835      1.6604      1.6566      1.6482      1.8689      1.8667      1.8600      
2009-07-03     1.0757      1.0163      0.9223      1.2245      1.1797      1.0641      1.2430      1.2264      1.1022      1.2978      1.2664      1.1540      1.3191      1.3034      1.2682      1.4998      1.4965      1.4851      1.6622      1.6584      1.6495      1.8697      1.8678      1.8610      
2009-07-06     1.0945      1.0309      0.9363      1.2330      1.1941      1.0787      1.2590      1.2383      1.1183      1.3048      1.2791      1.1684      1.3237      1.3089      1.2734      1.5013      1.4979      1.4866      1.6639      1.6598      1.6508      1.8707      1.8687      1.8619      
2009-07-07     1.0952      1.0444      0.9504      1.2349      1.2062      1.0924      1.2695      1.2477      1.1353      1.3098      1.2903      1.1833      1.3273      1.3143      1.2790      1.5027      1.4993      1.4882      1.6654      1.6613      1.6522      1.8722      1.8698      1.8631      
2009-07-08     1.0948      1.0583      0.9644      1.2431      1.2094      1.1063      1.2889      1.2571      1.1531      1.3161      1.2989      1.1982      1.3316      1.3195      1.2848      1.5041      1.5005      1.4899      1.6668      1.6627      1.6537      1.8738      1.8709      1.8643      
2009-07-09     1.0947      1.0719      0.9784      1.2295      1.2193      1.1206      1.2972      1.2657      1.1709      1.3242      1.3077      1.2136      1.3406      1.3270      1.2919      1.5081      1.5032      1.4925      1.6702      1.6653      1.6558      1.8786      1.8737      1.8664      
2009-07-10     1.0950      1.0854      0.9925      1.2246      1.2246      1.1348      1.3055      1.2742      1.1882      1.3337      1.3158      1.2295      1.3521      1.3356      1.2995      1.5150      1.5074      1.4957      1.6761      1.6692      1.6586      1.8863      1.8780      1.8692      
2009-07-13     1.1048      1.0997      1.0088      1.2303      1.2317      1.1508      1.3164      1.2877      1.2071      1.3457      1.3253      1.2465      1.3669      1.3453      1.3081      1.5248      1.5130      1.4997      1.6843      1.6741      1.6619      1.8964      1.8835      1.8727      
2009-07-14     1.1151      1.1051      1.0252      1.2610      1.2479      1.1724      1.3331      1.3013      1.2284      1.3593      1.3346      1.2645      1.3819      1.3546      1.3169      1.5353      1.5190      1.5039      1.6942      1.6798      1.6658      1.9078      1.8900      1.8767      
2009-07-15     1.1258      1.1103      1.0411      1.3048      1.2739      1.1971      1.3687      1.3288      1.2550      1.3754      1.3457      1.2832      1.3982      1.3649      1.3264      1.5473      1.5257      1.5086      1.7058      1.6863      1.6702      1.9208      1.8973      1.8812      
2009-07-16     1.1442      1.1195      1.0582      1.3625      1.2960      1.2252      1.4124      1.3548      1.2822      1.3951      1.3597      1.3032      1.4132      1.3769      1.3367      1.5584      1.5333      1.5138      1.7171      1.6937      1.6751      1.9328      1.9057      1.8862      
2009-07-17     1.2001      1.1475      1.0819      1.4242      1.3244      1.2521      1.4715      1.3885      1.3075      1.4180      1.3759      1.3211      1.4316      1.3918      1.3476      1.5722      1.5436      1.5200      1.7302      1.7032      1.6808      1.9456      1.9159      1.8919      
2009-07-20     1.2440      1.1744      1.1026      1.5107      1.3705      1.2823      1.5609      1.4386      1.3384      1.4454      1.3956      1.3373      1.4530      1.4099      1.3594      1.5871      1.5560      1.5269      1.7455      1.7149      1.6874      1.9591      1.9278      1.8982      
2009-07-21     1.3144      1.2147      1.1296      1.6553      1.4582      1.3322      1.7095      1.5213      1.3845      1.4878      1.4236      1.3569      1.4841      1.4330      1.3736      1.6074      1.5713      1.5353      1.7648      1.7295      1.6954      1.9763      1.9420      1.9059      
2009-07-22     1.3847      1.2553      1.1568      1.7736      1.5392      1.3743      1.8367      1.6027      1.4299      1.5353      1.4554      1.3771      1.5172      1.4577      1.3886      1.6306      1.5890      1.5447      1.7872      1.7465      1.7046      1.9944      1.9576      1.9143      
2009-07-23     1.4447      1.2945      1.1832      1.8585      1.6105      1.4149      1.9529      1.6827      1.4742      1.5816      1.4884      1.3980      1.5496      1.4814      1.4042      1.6547      1.6065      1.5549      1.8098      1.7635      1.7144      2.0125      1.9727      1.9232      
2009-07-24     1.4610      1.3306      1.2080      1.8941      1.6592      1.4419      2.0304      1.7509      1.5126      1.6169      1.5175      1.4166      1.5772      1.5044      1.4200      1.6752      1.6237      1.5656      1.8298      1.7800      1.7246      2.0283      1.9870      1.9325      
2009-07-27     1.4774      1.3607      1.2302      1.8759      1.6933      1.4625      2.0515      1.8062      1.5469      1.6465      1.5460      1.4356      1.6004      1.5267      1.4360      1.6939      1.6405      1.5768      1.8476      1.7966      1.7353      2.0425      2.0008      1.9422      
2009-07-28     1.4598      1.3871      1.2461      1.7685      1.7119      1.4799      2.0057      1.8576      1.5794      1.6627      1.5753      1.4549      1.6154      1.5497      1.4522      1.7081      1.6577      1.5884      1.8616      1.8132      1.7465      2.0529      2.0146      1.9523      
2009-07-29     1.4081      1.3964      1.2534      1.6637      1.7187      1.4963      1.9633      1.9000      1.6144      1.6723      1.6038      1.4748      1.6279      1.5725      1.4687      1.7189      1.6748      1.6002      1.8725      1.8298      1.7580      2.0623      2.0283      1.9628      
2009-07-30     1.3802      1.4124      1.2659      1.6043      1.7314      1.5137      1.9119      1.9324      1.6436      1.6872      1.6344      1.4970      1.6395      1.5945      1.4857      1.7286      1.6916      1.6124      1.8826      1.8462      1.7699      2.0716      2.0420      1.9739      
2009-07-31     1.3484      1.4047      1.2761      1.6484      1.7713      1.5478      1.9001      1.9652      1.6769      1.7091      1.6630      1.5194      1.6510      1.6141      1.5030      1.7380      1.7066      1.6251      1.8922      1.8610      1.7821      2.0813      2.0548      1.9854      
2009-08-03     1.3245      1.4009      1.2877      1.7533      1.8146      1.5926      1.8899      1.9707      1.7047      1.7266      1.6866      1.5411      1.6619      1.6312      1.5206      1.7468      1.7203      1.6382      1.9009      1.8743      1.7946      2.0914      2.0670      1.9974      
2009-08-04     1.3073      1.3836      1.2991      1.7421      1.7553      1.6067      1.8582      1.9320      1.7266      1.7371      1.6999      1.5617      1.6715      1.6434      1.5382      1.7550      1.7315      1.6514      1.9088      1.8852      1.8073      2.1016      2.0773      2.0096      
2009-08-05     1.3224      1.3653      1.3103      1.8025      1.7331      1.6362      1.8234      1.8933      1.7480      1.7466      1.7095      1.5824      1.6800      1.6540      1.5558      1.7635      1.7412      1.6651      1.9164      1.8944      1.8205      2.1110      2.0866      2.0221      
2009-08-06     1.3166      1.3484      1.3214      1.7984      1.7014      1.6559      1.7914      1.8516      1.7672      1.7476      1.7174      1.6029      1.6885      1.6640      1.5727      1.7715      1.7501      1.6783      1.9241      1.9034      1.8334      2.1193      2.0954      2.0340      
2009-08-07     1.3199      1.3342      1.3324      1.7322      1.6903      1.6747      1.7393      1.8197      1.7853      1.7461      1.7276      1.6225      1.6970      1.6740      1.5892      1.7790      1.7585      1.6911      1.9323      1.9123      1.8461      2.1272      2.1043      2.0456      
2009-08-10     1.3172      1.3209      1.3408      1.6296      1.6914      1.6924      1.6971      1.7935      1.7999      1.7441      1.7353      1.6406      1.7048      1.6833      1.6050      1.7866      1.7667      1.7036      1.9404      1.9207      1.8586      2.1343      2.1129      2.0568      
2009-08-11     1.3121      1.3097      1.3484      1.6374      1.6898      1.7008      1.6747      1.7665      1.8120      1.7443      1.7407      1.6580      1.7125      1.6920      1.6209      1.7944      1.7747      1.7162      1.9488      1.9288      1.8710      2.1406      2.1211      2.0679      
2009-08-12     1.2793      1.3009      1.3486      1.5709      1.6867      1.7027      1.6485      1.7360      1.8180      1.7432      1.7449      1.6744      1.7192      1.6996      1.6361      1.8014      1.7825      1.7286      1.9567      1.9366      1.8832      2.1466      2.1288      2.0786      
2009-08-13     1.2468      1.2817      1.3471      1.5352      1.6668      1.6991      1.6266      1.7090      1.8207      1.7394      1.7435      1.6890      1.7245      1.7065      1.6505      1.8081      1.7898      1.7407      1.9641      1.9441      1.8951      2.1521      2.1357      2.0889      
2009-08-14     1.2130      1.2665      1.3356      1.4967      1.6145      1.6929      1.5950      1.6672      1.8162      1.7351      1.7406      1.7018      1.7285      1.7127      1.6634      1.8144      1.7967      1.7517      1.9706      1.9515      1.9062      2.1571      2.1422      2.0985      
2009-08-17     1.1823      1.2498      1.3253      1.4553      1.5425      1.6785      1.5568      1.6270      1.7988      1.7308      1.7374      1.7120      1.7318      1.7183      1.6747      1.8200      1.8033      1.7618      1.9767      1.9585      1.9164      2.1619      2.1481      2.1075      
2009-08-18     1.1498      1.2310      1.3073      1.4057      1.5215      1.6384      1.5250      1.5999      1.7659      1.7258      1.7351      1.7175      1.7340      1.7233      1.6834      1.8245      1.8095      1.7705      1.9816      1.9652      1.9252      2.1662      2.1534      2.1153      
2009-08-19     1.1385      1.2089      1.2871      1.3655      1.4682      1.6006      1.4746      1.5616      1.7274      1.7186      1.7309      1.7202      1.7362      1.7277      1.6908      1.8284      1.8149      1.7781      1.9856      1.9712      1.9328      2.1701      2.1584      2.1225      
2009-08-20     1.1259      1.1864      1.2674      1.3301      1.4327      1.5670      1.4171      1.5219      1.6867      1.7111      1.7253      1.7213      1.7371      1.7308      1.6974      1.8313      1.8197      1.7849      1.9885      1.9763      1.9398      2.1737      2.1629      2.1292      
2009-08-21     1.1145      1.1638      1.2490      1.2992      1.3980      1.5441      1.3731      1.4840      1.6519      1.7020      1.7185      1.7231      1.7371      1.7328      1.7034      1.8332      1.8238      1.7912      1.9903      1.9805      1.9464      2.1765      2.1668      2.1355      
2009-08-24     1.0940      1.1381      1.2295      1.2726      1.3640      1.5277      1.3419      1.4494      1.6214      1.6890      1.7099      1.7226      1.7361      1.7340      1.7087      1.8342      1.8271      1.7969      1.9914      1.9841      1.9524      2.1781      2.1700      2.1414      
2009-08-25     1.0658      1.1078      1.2088      1.2829      1.3443      1.5170      1.3087      1.4169      1.5917      1.6727      1.6993      1.7200      1.7346      1.7343      1.7132      1.8347      1.8296      1.8022      1.9920      1.9868      1.9578      2.1789      2.1726      2.1468      
2009-08-26     1.0452      1.0918      1.1964      1.3024      1.3340      1.5103      1.3202      1.3974      1.5667      1.6571      1.6879      1.7164      1.7335      1.7348      1.7172      1.8350      1.8317      1.8071      1.9921      1.9888      1.9627      2.1793      2.1747      2.1517      
2009-08-27     1.0283      1.0771      1.1794      1.3212      1.3257      1.4962      1.3455      1.3813      1.5451      1.6405      1.6758      1.7097      1.7328      1.7350      1.7207      1.8352      1.8332      1.8115      1.9921      1.9903      1.9672      2.1792      2.1765      2.1561      
2009-08-28     1.0125      1.0635      1.1650      1.3479      1.3235      1.4690      1.3766      1.3749      1.5210      1.6269      1.6644      1.7025      1.7327      1.7349      1.7238      1.8355      1.8343      1.8155      1.9920      1.9912      1.9713      2.1789      2.1777      2.1599      
2009-08-31     1.0010      1.0475      1.1486      1.3861      1.3294      1.4359      1.4099      1.3759      1.5014      1.6177      1.6534      1.6954      1.7329      1.7345      1.7264      1.8361      1.8351      1.8192      1.9920      1.9917      1.9751      2.1789      2.1785      2.1633      
2009-09-01     1.0022      1.0340      1.1325      1.3817      1.3323      1.4269      1.4410      1.3749      1.4874      1.6116      1.6421      1.6886      1.7337      1.7342      1.7287      1.8368      1.8357      1.8226      1.9919      1.9919      1.9786      2.1792      2.1791      2.1662      
2009-09-02     1.0201      1.0326      1.1208      1.4221      1.3623      1.4152      1.4614      1.3908      1.4762      1.6071      1.6321      1.6815      1.7347      1.7341      1.7309      1.8376      1.8363      1.8256      1.9919      1.9920      1.9816      2.1797      2.1795      2.1689      
2009-09-03     1.0371      1.0327      1.1095      1.4870      1.4041      1.4184      1.5102      1.4278      1.4748      1.6078      1.6242      1.6747      1.7362      1.7345      1.7326      1.8384      1.8368      1.8282      1.9920      1.9920      1.9842      2.1804      2.1798      2.1714      
2009-09-04     1.0546      1.0335      1.0987      1.5598      1.4538      1.4259      1.5509      1.4638      1.4739      1.6114      1.6191      1.6688      1.7380      1.7354      1.7341      1.8391      1.8373      1.8305      1.9922      1.9921      1.9863      2.1811      2.1800      2.1734      
2009-09-07     1.0741      1.0375      1.0878      1.6119      1.4990      1.4315      1.5914      1.5007      1.4750      1.6160      1.6169      1.6634      1.7400      1.7364      1.7352      1.8396      1.8379      1.8325      1.9923      1.9922      1.9881      2.1815      2.1802      2.1751      
2009-09-08     1.0935      1.0478      1.0778      1.6889      1.5353      1.4398      1.6299      1.5355      1.4762      1.6214      1.6165      1.6579      1.7416      1.7377      1.7360      1.8401      1.8384      1.8340      1.9927      1.9923      1.9895      2.1818      2.1805      2.1765      
2009-09-09     1.0951      1.0576      1.0747      1.7061      1.5641      1.4490      1.6599      1.5607      1.4790      1.6276      1.6174      1.6526      1.7427      1.7387      1.7368      1.8405      1.8390      1.8354      1.9932      1.9926      1.9907      2.1821      2.1809      2.1778      
2009-09-10     1.0943      1.0657      1.0714      1.6818      1.5844      1.4550      1.6480      1.5791      1.4802      1.6315      1.6197      1.6477      1.7437      1.7399      1.7374      1.8407      1.8395      1.8364      1.9936      1.9928      1.9915      2.1822      2.1813      2.1789      
2009-09-11     1.0933      1.0739      1.0687      1.6080      1.5839      1.4537      1.6327      1.5918      1.4833      1.6348      1.6231      1.6438      1.7442      1.7411      1.7380      1.8410      1.8400      1.8372      1.9940      1.9931      1.9921      2.1825      2.1818      2.1798      
2009-09-14     1.0925      1.0833      1.0654      1.5514      1.5817      1.4555      1.6197      1.6056      1.4907      1.6389      1.6275      1.6404      1.7447      1.7424      1.7384      1.8415      1.8406      1.8378      1.9944      1.9934      1.9925      2.1829      2.1822      2.1803      
2009-09-15     1.0992      1.0964      1.0652      1.4998      1.5944      1.4633      1.6052      1.6175      1.4962      1.6431      1.6322      1.6372      1.7456      1.7436      1.7389      1.8422      1.8411      1.8384      1.9948      1.9938      1.9929      2.1836      2.1827      2.1809      
2009-09-16     1.1192      1.1072      1.0699      1.4587      1.5824      1.4723      1.5858      1.6229      1.5068      1.6474      1.6375      1.6348      1.7468      1.7448      1.7395      1.8431      1.8418      1.8390      1.9953      1.9942      1.9931      2.1846      2.1833      2.1814      
2009-09-17     1.1509      1.1226      1.0776      1.4390      1.5604      1.4822      1.5920      1.6200      1.5239      1.6546      1.6431      1.6336      1.7483      1.7460      1.7402      1.8445      1.8426      1.8397      1.9963      1.9949      1.9935      2.1862      2.1842      2.1820      
2009-09-18     1.1839      1.1386      1.0861      1.4657      1.5369      1.4953      1.6048      1.6188      1.5413      1.6605      1.6477      1.6334      1.7501      1.7472      1.7413      1.8462      1.8436      1.8404      1.9973      1.9957      1.9939      2.1879      2.1852      2.1826      
2009-09-21     1.2171      1.1548      1.0962      1.5014      1.5264      1.5127      1.6133      1.6165      1.5586      1.6655      1.6522      1.6345      1.7521      1.7484      1.7424      1.8476      1.8446      1.8412      1.9985      1.9965      1.9943      2.1899      2.1864      2.1833      
2009-09-22     1.2447      1.1719      1.1099      1.5295      1.5147      1.5250      1.6227      1.6139      1.5747      1.6733      1.6582      1.6373      1.7539      1.7498      1.7437      1.8492      1.8457      1.8421      1.9997      1.9973      1.9948      2.1918      2.1877      2.1841      
2009-09-23     1.2648      1.1920      1.1248      1.5513      1.5050      1.5346      1.6383      1.6121      1.5864      1.6833      1.6654      1.6414      1.7559      1.7513      1.7450      1.8508      1.8470      1.8430      2.0011      1.9982      1.9954      2.1935      2.1891      2.1850      
2009-09-24     1.2756      1.2132      1.1395      1.6137      1.5263      1.5554      1.6425      1.6172      1.5982      1.6909      1.6728      1.6462      1.7577      1.7530      1.7465      1.8525      1.8485      1.8440      2.0023      1.9993      1.9960      2.1948      2.1905      2.1859      
2009-09-25     1.2866      1.2352      1.1546      1.6360      1.5508      1.5674      1.6454      1.6251      1.6085      1.7000      1.6803      1.6517      1.7596      1.7549      1.7480      1.8544      1.8503      1.8452      2.0035      2.0004      1.9968      2.1961      2.1920      2.1869      
2009-09-27     1.2968      1.2570      1.1701      1.6323      1.5668      1.5742      1.6422      1.6278      1.6167      1.7095      1.6875      1.6575      1.7612      1.7567      1.7495      1.8565      1.8521      1.8463      2.0046      2.0016      1.9975      2.1968      2.1934      2.1878      
2009-09-28     1.3063      1.2755      1.1859      1.6282      1.5788      1.5866      1.6499      1.6363      1.6269      1.7162      1.6947      1.6635      1.7625      1.7582      1.7509      1.8587      1.8540      1.8475      2.0057      2.0027      1.9983      2.1974      2.1946      2.1887      
2009-09-29     1.3118      1.2883      1.1977      1.6479      1.5996      1.5910      1.6582      1.6483      1.6356      1.7226      1.7030      1.6702      1.7637      1.7598      1.7523      1.8610      1.8559      1.8488      2.0066      2.0038      1.9990      2.1978      2.1957      2.1895      
2009-09-30     1.4064      1.3410      1.2318      1.6521      1.6329      1.5966      1.6694      1.6560      1.6380      1.7293      1.7101      1.6766      1.7651      1.7614      1.7537      1.8631      1.8578      1.8502      2.0077      2.0050      2.0000      2.1984      2.1966      2.1904      
2009-10-09     1.4821      1.3843      1.2615      1.6662      1.6511      1.5940      1.6798      1.6626      1.6407      1.7342      1.7171      1.6824      1.7665      1.7631      1.7551      1.8649      1.8597      1.8516      2.0090      2.0063      2.0010      2.1992      2.1977      2.1914      
2009-10-10     1.4934      1.3951      1.2750      1.6819      1.6571      1.5917      1.6911      1.6667      1.6416      1.7365      1.7230      1.6876      1.7680      1.7646      1.7565      1.8665      1.8615      1.8530      2.0104      2.0075      2.0020      2.2004      2.1986      2.1925      
2009-10-12     1.4839      1.3951      1.2835      1.6847      1.6564      1.5855      1.6938      1.6719      1.6429      1.7392      1.7277      1.6929      1.7695      1.7660      1.7579      1.8678      1.8632      1.8545      2.0119      2.0088      2.0031      2.2024      2.1999      2.1938      
2009-10-13     1.4725      1.3922      1.2921      1.6680      1.6579      1.5815      1.6925      1.6753      1.6437      1.7390      1.7308      1.6981      1.7709      1.7673      1.7593      1.8689      1.8649      1.8559      2.0136      2.0101      2.0042      2.2045      2.2011      2.1951      
2009-10-14     1.3702      1.3883      1.3008      1.6189      1.6355      1.5809      1.6863      1.6778      1.6475      1.7371      1.7332      1.7030      1.7717      1.7684      1.7607      1.8698      1.8664      1.8575      2.0150      2.0113      2.0053      2.2063      2.2023      2.1964      
2009-10-15     1.2846      1.3833      1.3093      1.5837      1.6250      1.5879      1.6777      1.6787      1.6519      1.7352      1.7347      1.7075      1.7725      1.7695      1.7622      1.8708      1.8679      1.8591      2.0161      2.0125      2.0065      2.2081      2.2037      2.1978      
2009-10-16     1.2637      1.3785      1.3178      1.5520      1.6169      1.5919      1.6732      1.6822      1.6550      1.7346      1.7356      1.7115      1.7735      1.7707      1.7637      1.8721      1.8693      1.8607      2.0176      2.0140      2.0078      2.2101      2.2053      2.1993      
2009-10-19     1.2613      1.3726      1.3240      1.5403      1.6125      1.5957      1.6604      1.6771      1.6567      1.7330      1.7361      1.7154      1.7751      1.7723      1.7653      1.8737      1.8708      1.8624      2.0190      2.0154      2.0091      2.2116      2.2070      2.2008      
2009-10-20     1.2536      1.3631      1.3257      1.5269      1.5974      1.5985      1.6387      1.6656      1.6569      1.7305      1.7348      1.7189      1.7768      1.7738      1.7668      1.8754      1.8721      1.8640      2.0201      2.0169      2.0103      2.2133      2.2089      2.2023      
2009-10-21     1.2401      1.3051      1.3231      1.5229      1.5709      1.6019      1.6107      1.6485      1.6522      1.7287      1.7329      1.7215      1.7786      1.7751      1.7683      1.8770      1.8734      1.8656      2.0217      2.0183      2.0117      2.2154      2.2108      2.2037      
2009-10-22     1.2257      1.2551      1.3197      1.5209      1.5523      1.6017      1.5817      1.6297      1.6461      1.7265      1.7309      1.7240      1.7800      1.7762      1.7697      1.8783      1.8746      1.8671      2.0235      2.0198      2.0130      2.2172      2.2127      2.2052      
2009-10-23     1.2108      1.2373      1.3162      1.5053      1.5286      1.5929      1.5456      1.6094      1.6380      1.7237      1.7291      1.7261      1.7811      1.7773      1.7710      1.8793      1.8757      1.8686      2.0252      2.0214      2.0145      2.2186      2.2143      2.2065      
2009-10-26     1.1949      1.2281      1.3116      1.4945      1.5174      1.5869      1.5188      1.5896      1.6307      1.7207      1.7268      1.7273      1.7821      1.7786      1.7723      1.8798      1.8768      1.8700      2.0269      2.0230      2.0159      2.2197      2.2156      2.2078      
2009-10-27     1.1792      1.2164      1.3043      1.4801      1.5035      1.5807      1.4999      1.5693      1.6223      1.7184      1.7244      1.7276      1.7830      1.7799      1.7736      1.8801      1.8778      1.8713      2.0287      2.0244      2.0172      2.2205      2.2169      2.2090      
2009-10-28     1.1691      1.2046      1.2964      1.4673      1.4951      1.5653      1.4873      1.5490      1.6134      1.7153      1.7220      1.7276      1.7843      1.7815      1.7749      1.8803      1.8787      1.8725      2.0300      2.0258      2.0186      2.2210      2.2182      2.2103      
2009-10-29     1.1591      1.1924      1.2879      1.4553      1.4881      1.5565      1.4774      1.5295      1.6041      1.7122      1.7194      1.7270      1.7858      1.7829      1.7762      1.8806      1.8794      1.8737      2.0308      2.0272      2.0198      2.2213      2.2193      2.2115      
2009-10-30     1.1493      1.1801      1.2793      1.4401      1.4727      1.5448      1.4761      1.5109      1.5965      1.7104      1.7170      1.7263      1.7872      1.7842      1.7775      1.8809      1.8801      1.8747      2.0313      2.0282      2.0211      2.2216      2.2201      2.2127      
2009-11-02     1.1413      1.1681      1.2704      1.4134      1.4540      1.5332      1.4681      1.4935      1.5853      1.7090      1.7149      1.7255      1.7887      1.7854      1.7788      1.8811      1.8805      1.8756      2.0317      2.0293      2.0224      2.2219      2.2208      2.2139      
2009-11-03     1.1393      1.1592      1.2611      1.4191      1.4496      1.5235      1.4612      1.4805      1.5731      1.7083      1.7133      1.7241      1.7898      1.7864      1.7801      1.8816      1.8809      1.8765      2.0321      2.0304      2.0236      2.2223      2.2214      2.2151      
2009-11-04     1.1387      1.1539      1.2295      1.4061      1.4367      1.5038      1.4569      1.4721      1.5603      1.7076      1.7114      1.7222      1.7907      1.7875      1.7813      1.8819      1.8811      1.8773      2.0324      2.0312      2.0248      2.2226      2.2218      2.2163      
2009-11-05     1.1530      1.1560      1.2056      1.4048      1.4301      1.4912      1.4612      1.4693      1.5495      1.7078      1.7100      1.7204      1.7917      1.7887      1.7825      1.8825      1.8815      1.8780      2.0330      2.0319      2.0258      2.2231      2.2222      2.2174      
2009-11-06     1.1683      1.1588      1.1980      1.4193      1.4297      1.4792      1.4662      1.4712      1.5403      1.7082      1.7093      1.7192      1.7926      1.7899      1.7836      1.8830      1.8819      1.8788      2.0335      2.0324      2.0269      2.2236      2.2226      2.2185      
2009-11-09     1.1823      1.1618      1.1950      1.4424      1.4279      1.4727      1.4768      1.4724      1.5310      1.7082      1.7086      1.7177      1.7935      1.7911      1.7848      1.8837      1.8824      1.8796      2.0338      2.0327      2.0278      2.2241      2.2230      2.2193      
2009-11-10     1.2016      1.1705      1.1934      1.4454      1.4322      1.4679      1.4876      1.4744      1.5218      1.7079      1.7081      1.7163      1.7945      1.7922      1.7861      1.8846      1.8831      1.8804      2.0344      2.0332      2.0288      2.2249      2.2236      2.2202      
2009-11-11     1.2185      1.1786      1.1916      1.4565      1.4313      1.4632      1.4939      1.4754      1.5122      1.7080      1.7078      1.7149      1.7953      1.7930      1.7872      1.8856      1.8838      1.8812      2.0351      2.0338      2.0298      2.2257      2.2242      2.2212      
2009-11-12     1.2214      1.1872      1.1898      1.4603      1.4326      1.4603      1.4927      1.4769      1.5032      1.7078      1.7078      1.7136      1.7960      1.7939      1.7884      1.8864      1.8844      1.8819      2.0358      2.0344      2.0308      2.2263      2.2247      2.2220      
2009-11-13     1.2219      1.1951      1.1876      1.4663      1.4428      1.4577      1.4917      1.4790      1.4949      1.7073      1.7078      1.7124      1.7964      1.7945      1.7893      1.8871      1.8850      1.8825      2.0365      2.0350      2.0316      2.2270      2.2253      2.2227      
2009-11-16     1.2228      1.2026      1.1853      1.4465      1.4445      1.4492      1.4892      1.4830      1.4882      1.7072      1.7077      1.7113      1.7968      1.7952      1.7903      1.8879      1.8858      1.8831      2.0376      2.0357      2.0325      2.2280      2.2261      2.2234      
2009-11-17     1.2162      1.2089      1.1841      1.4343      1.4399      1.4447      1.4922      1.4899      1.4852      1.7080      1.7079      1.7106      1.7970      1.7958      1.7911      1.8886      1.8866      1.8837      2.0385      2.0364      2.0334      2.2290      2.2269      2.2242      
2009-11-18     1.2099      1.2142      1.1841      1.4236      1.4401      1.4384      1.4896      1.4917      1.4819      1.7094      1.7087      1.7101      1.7973      1.7963      1.7919      1.8894      1.8875      1.8843      2.0394      2.0373      2.0342      2.2303      2.2280      2.2249      
2009-11-19     1.2032      1.2123      1.1842      1.4087      1.4345      1.4323      1.4856      1.4892      1.4792      1.7106      1.7092      1.7096      1.7981      1.7971      1.7929      1.8906      1.8885      1.8850      2.0405      2.0382      2.0350      2.2319      2.2291      2.2257      
2009-11-20     1.1983      1.2101      1.1844      1.4023      1.4343      1.4320      1.4787      1.4852      1.4782      1.7128      1.7100      1.7097      1.7994      1.7979      1.7939      1.8920      1.8895      1.8857      2.0419      2.0392      2.0358      2.2337      2.2304      2.2265      
2009-11-23     1.1939      1.2084      1.1851      1.4231      1.4348      1.4314      1.4734      1.4813      1.4769      1.7150      1.7111      1.7099      1.8006      1.7987      1.7949      1.8931      1.8905      1.8865      2.0432      2.0404      2.0366      2.2351      2.2315      2.2273      
2009-11-24     1.1911      1.2036      1.1871      1.4197      1.4270      1.4296      1.4598      1.4760      1.4752      1.7171      1.7125      1.7103      1.8018      1.7994      1.7958      1.8942      1.8914      1.8872      2.0443      2.0414      2.0373      2.2362      2.2326      2.2281      
2009-11-25     1.1898      1.1998      1.1892      1.4244      1.4240      1.4277      1.4542      1.4719      1.4736      1.7195      1.7145      1.7111      1.8030      1.8001      1.7966      1.8948      1.8921      1.8880      2.0452      2.0423      2.0380      2.2369      2.2336      2.2289      
2009-11-26     1.1883      1.1957      1.1915      1.4306      1.4197      1.4261      1.4487      1.4672      1.4721      1.7221      1.7164      1.7121      1.8034      1.8008      1.7973      1.8952      1.8929      1.8887      2.0456      2.0431      2.0387      2.2373      2.2346      2.2297      
2009-11-27     1.1872      1.1927      1.1939      1.4336      1.4179      1.4304      1.4510      1.4648      1.4719      1.7238      1.7183      1.7130      1.8040      1.8017      1.7981      1.8954      1.8937      1.8894      2.0458      2.0439      2.0394      2.2373      2.2355      2.2304      
2009-11-30     1.1873      1.1906      1.1966      1.4352      1.4292      1.4368      1.4592      1.4663      1.4746      1.7252      1.7201      1.7139      1.8045      1.8026      1.7989      1.8959      1.8945      1.8902      2.0459      2.0445      2.0401      2.2376      2.2363      2.2312      
2009-12-01     1.2006      1.1959      1.2024      1.4451      1.4324      1.4361      1.4690      1.4644      1.4771      1.7255      1.7213      1.7146      1.8054      1.8036      1.7997      1.8963      1.8952      1.8909      2.0461      2.0452      2.0408      2.2379      2.2370      2.2320      
2009-12-02     1.2121      1.2009      1.2076      1.4526      1.4385      1.4393      1.4841      1.4692      1.4804      1.7253      1.7224      1.7156      1.8062      1.8046      1.8005      1.8971      1.8960      1.8917      2.0461      2.0457      2.0415      2.2382      2.2376      2.2328      
2009-12-03     1.2215      1.2049      1.2086      1.4659      1.4483      1.4414      1.5013      1.4750      1.4821      1.7245      1.7233      1.7163      1.8074      1.8054      1.8012      1.8979      1.8966      1.8925      2.0463      2.0460      2.0421      2.2386      2.2379      2.2335      
2009-12-04     1.2277      1.2075      1.2088      1.4745      1.4541      1.4442      1.5117      1.4813      1.4833      1.7240      1.7239      1.7170      1.8085      1.8062      1.8021      1.8988      1.8971      1.8933      2.0465      2.0462      2.0427      2.2392      2.2383      2.2343      
2009-12-07     1.2319      1.2096      1.2090      1.4786      1.4569      1.4458      1.5130      1.4861      1.4837      1.7237      1.7245      1.7178      1.8093      1.8069      1.8028      1.8993      1.8976      1.8941      2.0469      2.0464      2.0434      2.2395      2.2386      2.2351      
2009-12-08     1.2224      1.2115      1.2076      1.4797      1.4624      1.4447      1.5133      1.4911      1.4836      1.7242      1.7249      1.7187      1.8099      1.8076      1.8035      1.8997      1.8980      1.8947      2.0473      2.0467      2.0440      2.2400      2.2389      2.2358      
2009-12-09     1.2128      1.2124      1.2061      1.4816      1.4671      1.4456      1.5155      1.4998      1.4859      1.7249      1.7251      1.7198      1.8106      1.8084      1.8043      1.8999      1.8985      1.8953      2.0480      2.0471      2.0447      2.2405      2.2393      2.2365      
2009-12-10     1.2036      1.2126      1.2041      1.4753      1.4706      1.4451      1.5201      1.5107      1.4889      1.7258      1.7252      1.7208      1.8115      1.8095      1.8051      1.9002      1.8991      1.8960      2.0488      2.0476      2.0453      2.2411      2.2398      2.2372      
2009-12-11     1.1952      1.2115      1.2021      1.4732      1.4739      1.4459      1.5280      1.5198      1.4923      1.7270      1.7255      1.7219      1.8125      1.8105      1.8061      1.9007      1.8997      1.8967      2.0497      2.0481      2.0460      2.2419      2.2406      2.2380      
2009-12-14     1.1879      1.2099      1.2002      1.4704      1.4745      1.4518      1.5367      1.5249      1.4956      1.7284      1.7260      1.7231      1.8136      1.8114      1.8070      1.9013      1.9003      1.8974      2.0505      2.0487      2.0466      2.2430      2.2413      2.2388      
2009-12-15     1.1802      1.2013      1.1986      1.4694      1.4746      1.4535      1.5468      1.5301      1.4972      1.7299      1.7271      1.7242      1.8147      1.8123      1.8079      1.9019      1.9008      1.8980      2.0511      2.0492      2.0472      2.2441      2.2420      2.2395      
2009-12-16     1.1733      1.1930      1.1970      1.4642      1.4729      1.4557      1.5494      1.5325      1.5008      1.7314      1.7281      1.7253      1.8160      1.8133      1.8089      1.9025      1.9012      1.8986      2.0517      2.0499      2.0478      2.2453      2.2429      2.2402      
2009-12-17     1.1688      1.1862      1.1955      1.4639      1.4696      1.4589      1.5506      1.5354      1.5052      1.7325      1.7292      1.7262      1.8170      1.8143      1.8098      1.9029      1.9016      1.8991      2.0522      2.0505      2.0482      2.2465      2.2438      2.2409      
2009-12-18     1.1669      1.1811      1.1943      1.4579      1.4656      1.4598      1.5838      1.5559      1.5186      1.7333      1.7301      1.7270      1.8179      1.8152      1.8107      1.9031      1.9019      1.8995      2.0526      2.0511      2.0487      2.2475      2.2447      2.2415      
2009-12-21     1.1645      1.1762      1.1929      1.4519      1.4612      1.4590      1.6344      1.5856      1.5358      1.7358      1.7321      1.7283      1.8186      1.8161      1.8115      1.9031      1.9022      1.8999      2.0528      2.0516      2.0490      2.2483      2.2456      2.2421      
2009-12-22     1.1617      1.1710      1.1912      1.4508      1.4601      1.4613      1.6839      1.6154      1.5533      1.7392      1.7346      1.7297      1.8195      1.8171      1.8124      1.9033      1.9026      1.9003      2.0531      2.0521      2.0494      2.2488      2.2465      2.2427      
2009-12-23     1.1603      1.1668      1.1896      1.4424      1.4533      1.4602      1.7313      1.6403      1.5701      1.7450      1.7382      1.7316      1.8211      1.8186      1.8135      1.9037      1.9031      1.9008      2.0536      2.0527      2.0499      2.2492      2.2473      2.2433      
2009-12-24     1.1584      1.1636      1.1881      1.4294      1.4466      1.4586      1.7766      1.6636      1.5871      1.7525      1.7425      1.7339      1.8232      1.8201      1.8148      1.9045      1.9037      1.9014      2.0542      2.0532      2.0504      2.2494      2.2480      2.2439      
2009-12-25     1.1550      1.1609      1.1862      1.4254      1.4416      1.4578      1.7989      1.6914      1.6056      1.7632      1.7482      1.7369      1.8250      1.8214      1.8160      1.9054      1.9042      1.9020      2.0551      2.0539      2.0510      2.2496      2.2486      2.2446      
2009-12-28     1.1533      1.1589      1.1844      1.4436      1.4478      1.4611      1.8006      1.7175      1.6212      1.7733      1.7545      1.7403      1.8272      1.8229      1.8172      1.9065      1.9048      1.9025      2.0563      2.0546      2.0516      2.2498      2.2491      2.2452      
2009-12-29     1.1526      1.1572      1.1792      1.4700      1.4604      1.4675      1.8012      1.7426      1.6363      1.7826      1.7609      1.7440      1.8293      1.8244      1.8183      1.9076      1.9054      1.9031      2.0575      2.0553      2.0523      2.2500      2.2494      2.2457      
2009-12-30     1.1513      1.1558      1.1744      1.5044      1.4734      1.4732      1.7972      1.7643      1.6484      1.7895      1.7673      1.7477      1.8305      1.8258      1.8195      1.9085      1.9061      1.9037      2.0585      2.0560      2.0529      2.2501      2.2497      2.2463      
2009-12-31     1.1495      1.1540      1.1701      1.5394      1.4844      1.4770      1.7782      1.7774      1.6564      1.7943      1.7734      1.7513      1.8310      1.8271      1.8207      1.9091      1.9068      1.9042      2.0593      2.0568      2.0536      2.2502      2.2498      2.2468      
